1 32 34 1 0 0
2 5 4 32 0 0
3 -4 5 -34 0 0
4 -34 -5 32 0 0
5 -32 29 43 0 0
6 -43 36 29 0 0
7 -36 -32 29 0 0
8 3 -29 1 0 0
9 -3 -29 -32 0 0
10 24 39 -1 0 0
11 24 -39 -1 0 0
12 7 18 -24 0 0
13 -7 18 28 0 0
16 -28 18 -24 0 0
17 2 17 40 0 0
18 -17 40 -18 0 0
19 2 39 -40 0 0
20 -39 2 -40 0 0
21 35 -2 -18 0 0
22 -35 -2 -18 0 0
83 -3 -32 43 0 9 5 0
85 -34 4 32 0 2 4 0
87 32 -34 0 3 85 4 0
88 43 -32 1 0 8 5 83 0
90 32 1 0 87 1 0
91 -43 29 -32 0 7 6 0
92 1 0 9 90 91 88 8 0
93 24 39 0 10 92 0
94 24 -39 0 11 92 0
96 24 0 94 93 0
97 7 18 0 12 96 0
98 18 -28 0 16 96 0
99 -18 40 0 22 21 17 18 0
100 18 0 13 97 98 0
101 40 0 99 100 0
102 2 39 0 19 101 0
103 2 -39 0 20 101 0
104 -2 35 0 21 100 0
105 -2 -35 0 22 100 0
107 35 0 103 102 104 0
108 -2 0 105 107 0
109 39 0 102 108 0
110 0 103 109 108 0
