1 75 54 40 0 0
2 54 58 -40 0 0
3 -58 69 -40 0 0
4 -69 95 -40 0 0
8 26 -69 -95 0 0
9 -26 75 -95 0 0
10 11 28 82 0 0
11 -11 23 82 0 0
12 14 -23 28 0 0
13 -11 -14 28 0 0
14 -28 -75 88 0 0
15 84 -28 -88 0 0
16 -75 -84 62 0 0
17 51 12 -62 0 0
18 -51 12 -62 0 0
19 43 65 -12 0 0
20 -65 82 -12 0 0
21 -43 -28 -12 0 0
22 -82 -75 54 0 0
23 77 86 -54 0 0
24 8 -86 94 0 0
25 36 -8 -86 0 0
26 -36 -8 -86 0 0
27 24 77 -94 0 0
28 78 4 7 0 0
29 -78 4 84 0 0
30 4 7 -84 0 0
31 -4 7 -77 0 0
32 63 -7 76 0 0
33 -63 -7 24 0 0
35 93 24 -76 0 0
36 -93 -77 -76 0 0
37 6 98 -24 0 0
38 -98 6 94 0 0
39 -6 94 -54 0 0
40 62 -94 96 0 0
41 -62 -94 96 0 0
43 20 -96 -24 0 0
44 -20 -96 -24 0 0
201 12 -62 0 18 17 0
205 -8 -86 0 26 25 0
206 -7 24 76 0 33 32 0
207 20 84 -94 76 62 0 29 28 31 206 27 43 40 0
208 -86 94 0 24 205 0
209 84 94 76 -54 0 29 28 31 206 23 208 37 38 39 0
210 84 62 76 -94 0 29 28 31 206 27 44 207 40 0
211 28 82 0 12 13 11 10 0
212 -75 62 76 0 14 15 211 16 22 209 210 0
213 94 -54 76 0 31 30 206 23 209 37 38 39 208 0
214 -24 -96 0 44 43 0
215 62 76 40 0 31 30 27 206 210 214 213 40 1 212 0
216 62 54 40 0 14 15 211 1 16 22 0
217 24 -54 -76 0 208 23 27 36 35 0
218 62 40 0 37 38 39 217 40 216 214 215 0
219 -12 82 0 19 21 20 211 0
220 54 40 0 22 1 219 201 218 0
221 -62 -54 76 0 29 30 28 31 206 27 214 213 41 0
222 40 0 37 217 220 221 218 39 41 214 38 0
223 58 54 0 2 222 0
224 -58 69 0 3 222 0
225 -69 95 0 4 222 0
226 54 76 0 201 219 212 22 9 8 225 224 223 0
227 76 0 31 27 213 226 214 40 221 206 30 210 0
230 24 -54 0 217 227 0
231 54 0 16 9 225 224 223 8 15 14 211 22 201 219 0
232 24 0 230 231 0
233 -96 0 214 232 0
237 6 98 0 37 232 0
238 -6 94 0 39 231 0
239 62 -94 0 40 233 0
240 -62 -94 0 41 233 0
243 62 0 38 239 238 237 0
244 -94 0 240 243 0
246 -6 0 238 244 0
249 98 0 237 246 0
250 0 38 244 246 249 0
