1 8 97 4 0 0
2 -97 8 4 0 0
3 1 33 -4 0 0
4 1 56 -33 0 0
6 99 83 -56 0 0
7 -99 83 -56 0 0
8 70 -83 -56 0 0
9 -83 -70 -33 0 0
10 20 36 -1 0 0
11 97 26 36 0 0
12 28 -97 49 0 0
13 51 -28 49 0 0
14 -51 -28 59 0 0
15 -49 36 59 0 0
16 40 -59 -1 0 0
17 -40 -59 26 0 0
18 -26 57 50 0 0
19 -57 73 -20 0 0
20 -57 -73 50 0 0
21 -50 -26 36 0 0
22 -1 -36 -4 0 0
23 54 80 82 0 0
24 80 14 -54 0 0
25 -14 -54 82 0 0
26 -8 -80 82 0 0
27 52 13 90 0 0
28 -13 52 90 0 0
29 34 -82 -52 0 0
30 -34 -82 -52 0 0
31 -90 60 26 0 0
32 -26 22 60 0 0
33 -22 60 95 0 0
34 -60 99 95 0 0
35 -99 -60 95 0 0
36 -95 -90 55 0 0
37 58 20 93 0 0
38 32 58 -20 0 0
39 -32 58 93 0 0
40 76 -58 93 0 0
41 -55 -58 -76 0 0
42 47 94 18 0 0
43 -93 -47 94 0 0
44 -94 -93 18 0 0
45 92 33 41 0 0
46 17 92 -33 0 0
47 -17 92 -18 0 0
48 -18 -92 41 0 0
49 -41 69 67 0 0
51 -69 -41 67 0 0
53 -67 48 -55 0 0
54 21 -48 -8 0 0
55 -48 -21 13 0 0
56 -48 -21 -13 0 0
163 52 90 0 28 27 0
164 -52 -82 0 30 29 0
165 80 82 0 25 24 23 0
168 67 -41 0 51 49 0
169 -48 -8 13 0 55 54 0
171 58 93 0 38 39 37 0
173 18 -93 0 43 42 44 0
175 -55 93 0 41 40 171 0
176 41 -18 0 46 47 45 48 0
177 8 4 0 2 1 0
179 -60 95 0 35 34 0
180 55 -90 0 32 33 31 179 36 0
181 82 -8 0 26 165 0
182 4 0 56 53 180 163 164 181 177 168 176 173 175 169 54 0
183 1 33 0 3 182 0
184 -1 -36 0 22 182 0
185 -26 -20 36 0 20 19 18 21 0
186 -1 -59 0 16 17 185 184 10 0
187 33 0 14 186 183 12 11 184 185 10 15 13 0
188 56 1 0 4 187 0
190 -83 -70 0 9 187 0
193 -83 -56 0 8 190 0
194 -56 0 7 6 193 0
195 1 0 188 194 0
196 -36 0 184 195 0
197 -59 0 186 195 0
198 -49 0 15 196 197 0
199 20 0 10 196 195 0
200 -26 0 185 199 196 0
201 97 0 11 200 196 0
202 28 0 12 201 198 0
203 51 0 13 202 198 0
204 0 14 197 202 203 0
