1 30 95 16 0 0
2 30 95 -16 0 0
3 78 -30 35 0 0
4 85 -78 -30 0 0
5 -85 -78 95 0 0
7 -95 8 55 0 0
8 100 9 52 0 0
9 9 -100 73 0 0
10 -9 52 -8 0 0
11 38 83 66 0 0
12 -38 87 83 0 0
13 -87 83 -52 0 0
14 -83 74 66 0 0
15 -66 89 -52 0 0
16 73 -89 -52 0 0
17 73 -74 -52 0 0
18 -73 -95 -8 0 0
19 90 40 -55 0 0
20 90 -40 -55 0 0
21 25 82 35 0 0
22 82 -90 -25 0 0
23 -82 -90 -55 0 0
24 75 11 84 0 0
25 -75 11 96 0 0
26 -75 23 -96 0 0
27 -11 23 -35 0 0
28 -23 29 65 0 0
29 -65 29 -35 0 0
30 -23 -29 84 0 0
31 54 70 -35 0 0
32 -54 70 77 0 0
33 19 -84 -77 0 0
34 -54 70 -19 0 0
35 22 81 68 0 0
36 48 -22 81 0 0
37 93 -48 -22 0 0
38 3 -48 -93 0 0
39 -81 18 7 0 0
40 -7 56 -81 0 0
41 3 18 -56 0 0
42 47 -18 68 0 0
43 -47 -18 -81 0 0
44 77 -3 68 0 0
45 -84 -77 -3 0 0
46 -70 19 -68 0 0
47 -19 -68 74 0 0
48 -70 -74 -68 0 0
162 73 9 52 0 9 8 0
165 -68 19 -35 -84 0 32 31 33 46 0
166 -19 -68 -35 0 34 31 48 47 0
168 -78 -30 95 0 5 4 0
171 11 96 84 0 24 25 0
172 -40 -55 35 0 21 22 23 20 0
175 -29 84 -35 96 0 27 30 171 0
177 -68 -84 -35 0 165 166 0
178 48 81 68 0 35 36 0
181 95 16 35 0 3 168 1 0
182 -66 73 -52 0 16 15 0
185 84 96 -35 0 28 29 27 175 171 0
186 -84 -3 68 0 45 44 0
189 -18 -81 68 0 42 43 0
191 -55 35 0 21 22 23 19 172 0
192 73 52 -8 0 162 10 0
193 83 16 35 0 11 12 182 13 192 18 7 181 191 0
194 23 84 -35 0 24 26 27 185 0
195 84 -35 0 28 29 30 194 0
196 3 81 68 0 38 37 178 35 0
197 -35 0 40 41 39 196 189 186 177 195 0
198 -55 0 191 197 0
199 -30 78 0 3 197 0
201 8 -95 0 7 198 0
205 95 16 0 181 197 0
208 83 16 0 193 197 0
209 16 0 14 208 17 18 201 205 192 182 0
210 30 95 0 2 209 0
212 8 0 199 168 201 210 0
214 -73 -95 0 18 212 0
216 52 73 0 192 212 0
217 52 0 199 168 214 216 210 0
218 -87 83 0 13 217 0
221 73 -74 0 17 217 0
222 73 -66 0 182 217 0
223 95 0 199 168 210 0
224 -73 0 214 223 0
226 -74 0 221 224 0
227 -66 0 222 224 0
228 -83 0 14 226 227 0
229 -87 0 218 228 0
230 38 0 11 228 227 0
231 0 12 228 229 230 0
