1 19 11 7 0 0
2 -11 27 7 0 0
3 16 -27 7 0 0
4 25 -11 48 0 0
5 17 -16 -48 0 0
6 -17 25 -48 0 0
7 -16 -25 -27 0 0
8 36 49 19 0 0
9 -36 49 -7 0 0
10 19 -49 -7 0 0
11 12 4 44 0 0
12 -12 4 44 0 0
15 34 48 20 0 0
16 34 20 -19 0 0
17 24 -44 -34 0 0
18 -24 -44 -34 0 0
21 -4 20 -19 0 0
22 30 39 41 0 0
23 -30 39 50 0 0
24 -30 -50 -20 0 0
25 -39 41 -20 0 0
26 32 -41 -19 0 0
27 -32 -41 -20 0 0
101 -16 25 -48 0 6 5 0
103 41 50 -20 0 23 22 25 0
105 24 48 -19 20 0 11 12 17 21 15 0
106 -41 -20 -19 0 27 26 0
107 -19 -20 0 24 22 103 25 106 0
108 -27 7 0 11 18 21 12 15 105 107 1 101 4 7 3 0
110 -34 -44 0 17 18 0
111 7 0 12 21 1 2 108 107 110 16 11 0
112 -36 49 0 9 111 0
113 -49 19 0 10 111 0
115 19 0 8 113 112 0
116 -20 0 107 115 0
118 34 0 16 116 115 0
119 -4 0 21 116 115 0
120 -44 0 110 118 0
121 12 0 11 119 120 0
122 0 12 120 119 121 0
