1 169 43 174 0 0
6 172 43 -169 0 0
7 68 144 -169 0 0
8 135 144 48 0 0
9 -68 -135 48 0 0
10 -68 -48 -172 0 0
11 123 130 138 0 0
12 -123 130 -144 0 0
13 -130 -172 138 0 0
14 175 -172 -138 0 0
15 -175 -172 174 0 0
16 87 -174 161 0 0
17 3 74 -87 0 0
18 -3 74 -87 0 0
19 159 -74 -87 0 0
20 -174 124 -159 0 0
21 -124 -74 -159 0 0
22 6 161 -43 0 0
23 -6 161 -43 0 0
24 110 14 -161 0 0
25 189 190 173 0 0
26 122 132 190 0 0
27 122 -132 189 0 0
29 -110 -122 -173 0 0
30 189 -190 14 0 0
31 -110 -189 14 0 0
32 102 66 115 0 0
33 163 -102 66 0 0
34 -163 -102 66 0 0
35 146 -66 192 0 0
36 141 -146 115 0 0
37 -141 -146 -66 0 0
38 188 -115 192 0 0
39 -188 -115 192 0 0
40 149 87 -192 0 0
41 -149 8 -192 0 0
42 6 58 180 0 0
43 -6 58 -14 0 0
44 38 28 116 0 0
45 -38 28 116 0 0
46 35 118 -116 0 0
47 -35 57 118 0 0
48 -35 -57 180 0 0
49 49 -118 -116 0 0
50 155 -49 179 0 0
51 -155 -49 -118 0 0
52 -49 -179 -116 0 0
53 107 95 169 0 0
54 25 -107 95 0 0
55 -25 -107 -58 0 0
56 95 -169 -28 0 0
57 27 -28 -58 0 0
58 -95 -27 -28 0 0
59 -180 -14 8 0 0
60 51 120 16 0 0
61 -51 120 143 0 0
62 -120 143 79 0 0
63 129 93 -143 0 0
64 -129 93 79 0 0
65 -93 16 -161 0 0
66 -16 79 188 0 0
67 -16 79 -188 0 0
68 39 60 -79 0 0
69 -39 60 -8 0 0
70 -60 -8 -79 0 0
323 74 -87 0 18 17 0
324 -102 66 0 34 33 0
325 51 143 79 0 67 66 60 62 0
326 -8 -79 0 69 68 70 0
328 -87 -174 0 20 21 19 323 0
329 8 87 -192 0 40 41 0
330 66 115 0 32 324 0
331 115 192 0 36 37 35 330 0
332 192 0 39 38 331 0
335 8 87 0 329 332 0
338 93 -143 79 0 64 63 0
339 -43 161 0 23 22 0
340 43 174 0 8 9 10 12 7 6 1 11 13 14 15 0
341 143 79 0 61 325 62 0
342 87 188 0 340 339 16 65 338 66 341 326 335 0
343 79 188 0 338 65 341 66 339 340 328 342 0
345 14 -161 0 26 27 29 30 31 25 24 0
347 28 116 0 45 44 0
348 -118 -116 0 52 50 49 51 0
349 -116 180 0 47 48 46 348 0
350 169 -28 -58 0 55 54 53 58 57 0
351 58 -14 180 0 43 42 0
352 188 0 56 347 349 59 326 343 345 339 340 328 342 350 351 58 57 0
353 -16 79 0 67 352 0
355 79 0 16 65 353 338 341 340 339 328 0
356 -8 0 326 355 0
358 87 0 335 356 0
360 -174 0 328 358 0
363 43 0 340 360 0
364 161 0 339 363 0
365 14 0 345 364 0
366 -180 0 59 365 356 0
367 58 0 351 365 366 0
368 -116 0 349 366 0
369 28 0 347 368 0
370 27 0 57 369 367 0
371 169 0 350 369 367 0
372 -95 0 58 370 369 0
373 0 56 369 371 372 0
