#problemName, longestChain, avgChain, medChain, bestRunTime, worstRunTime, avgRunTime, medianRunTime
comp 	4 	2.6667 	2 	0.03335 	0.16467 	0.09258 	0.04213
aim-100-1_6-no-1 	9 	3.1395 	2 	0.08713 	1.79208 	0.26217 	0.23618
madeup2 	5 	3.3333 	3 	0.03245 	0.1806 	0.10379 	0.1554
madeUp 	3 	2.6667 	2 	0.03373 	0.16222 	0.09901 	0.09964
randKsat2 	4 	3.0 	3.0 	0.03525 	0.16991 	0.10538 	0.15656
readme 	3 	2.5 	10  	0.03631 	0.06387 	0.0463 	0.04397
rksat5 	7 	2.625 	2.0 	0.03141 	0.08106 	0.04071 	0.03879
rksat10 	6 	3.2727 	2 	0.03323 	1.98282 	0.4495 	0.16068
rksat12 	6 	3.0 	2 	0.03458 	0.38693 	0.13288 	0.16368
rksat13 	8 	3.2632 	6 	0.25515 	30 	2.74881 	0.63316
aim-100-1_6-no-1 	9 	3.1395 	2 	0.08713 	1.79208 	0.26217 	0.23618
aim-50-1_6-no-4 	5 	2.4348 	2 	0.03644 	0.18212 	0.10542 	0.1567
aim-50-1_6-no-3 	6 	2.6667 	2 	0.0375 	0.98796 	0.14735 	0.16743
aim-50-1_6-no-2 	7 	3.1739 	2 	0.04005 	3.20064 	0.46519 	0.17702
aim-50-1_6-no-1 	6 	2.625 	2.0 	0.03381 	0.06593 	0.04382 	0.04232
aim-50-2_0-no-1 	12 	3.7647 	2 	0.04395 	40 	30.63265 	40
rksat4 	5 	3.2857 	3 	0.03582 	0.18083 	0.11 	0.16142
rksat9 	4 	2.5455 	2 	0.04692 	0.19158 	0.07659 	0.06698
aim-100-1_6-no-2 	13 	3.2727 	4 	18.2099 	300 	292.76523 	300
factor5 	6 	2.35 	2.0 	0.03089 	0.11432 	0.037 	0.03529
factor5.1 	5 	2.2609 	5 	0.0316 	0.04627 	0.03476 	0.03401
f11.0 	10 	2.6875 	6.0 	0.79378 	60 	40.06079 	60
factor7 	6 	2.2609 	2 	0.03307 	0.06112 	0.03938 	0.03835
factor7.1 	5 	2.25 	2.5 	0.03289 	0.05603 	0.03894 	0.038
factor7.2 	6 	2.3684 	2 	0.03173 	0.04938 	0.03608 	0.03517
f11.2 	9 	2.8519 	2 	4.03389 	30 	10.15422 	4.7349
f11.3 	9 	2.8519 	2 	4.18928 	30 	9.52911 	4.49985
f11 	13 	2.6786 	7.5 	1.38862 	30 	25.6917 	30.0
f13.2 	11 	2.7097 	9 	2.02747 	30 	22.76087 	30.0
f13.3 	9 	2.45 	4.0 	1.34301 	30 	17.26564 	17.65681
