#PROBLEM: madeup2 & longest chain length: 5 & average chain length: 3.3333 & median chain length: 3 & varNum: 7 & clauseNum: 10 & chains: 3 & timeout: 30s 
#test 0		0       36981209
#test 1		0       33557388
#test 2		0       35472911
#test 3		0       35707624
#test 4		0       34980671
#test 5		0       37255557
#test 6		0       39126180
#test 7		0       38035408
#test 8		0       36984608
#test 9		0       37229678
#test 10		0       37287277
#test 11		0       49841932
#test 12		0       49455651
#test 13		0       48265486
#test 14		0       53070998
#test 15		0       50845393
#test 16		0       42951110
#test 17		0       36512523
#test 18		0       53882752
#test 19		0       32345237
#test 20		0       33237259
#test 21		0       35218346
#test 22		0       33936241
#test 23		0       34877359
#test 24		0       49273946
#test 25		0       35726842
#test 26		0       32855469
#test 27		0       33331279
#test 28		0       37988251
#test 29		0       33457672
#test 30		0       45499189
#test 31		0       32474313
#test 32		0       36099742
#test 33		0       34432709
#test 34		0       33899670
#test 35		0       53263226
#test 36		0       33495573
#test 37		0       32939245
#test 38		0       50956129
#test 39		0       35838302
#test 40		0       41280478
#test 41		0       33823826
#test 42		0       34043312
#test 43		0       39598744
#test 44		0       32877712
#test 45		0       34386776
#test 46		0       32521174
#test 47		0       35546358
#test 48		0       37957819
#test 49		0       35311447
#test 50		0       35777573
#test 51		0       34352116
#test 52		0       36959096
#test 53		0       32979072
#test 54		0       37687538
#test 55		0       54240669
#test 56		0       35069160
#test 57		0       39616285
#test 58		0       32524975
#test 59		0       36117059
#test 60		0       55522133
#test 61		0       35456562
#test 62		0       36301883
#test 63		0       37051393
#test 64		0       35697955
#test 65		0       36695908
#test 66		0       34506202
#test 67		0       39645587
#test 68		0       34051766
#test 69		0       35698944
#test 70		0       32623403
#test 71		0       53130949
#test 72		0       53844519
#test 73		0       32843370
#test 74		0       32188591
#test 75		0       31886892
#test 76		0       33853016
#test 77		0       46492880
#test 78		0       36925329
#test 79		0       37361967
#test 80		0       36442321
#test 81		0       34037715
#test 82		0       33619446
#test 83		0       35301265
#test 84		0       35630995
#test 85		0       49161075
#test 86		0       39678177
#test 87		0       35711026
#test 88		0       34013225
#test 89		0       31803860
#test 90		0       35980254
#test 91		0       34593695
#test 92		0       43325091
#test 93		0       32746644
#test 94		0       34663063
#test 95		0       50476684
#test 96		0       32740464
#test 97		0       52441672
#test 98		0       42399784
#test 99		0       32406188
#test 100		0       52523156
#test 101		0       34572317
#test 102		0       36925286
#test 103		0       32404160
#test 104		0       32954267
#test 105		0       35386320
#test 106		0       57053081
#test 107		0       35703180
#test 108		0       33112144
#test 109		0       37744304
#test 110		0       34212144
#test 111		0       36903228
#test 112		0       33903145
#test 113		0       38146652
#test 114		0       37125894
#test 115		0       37826849
#test 116		0       32432777
#test 117		0       38020197
#test 118		0       35634832
#test 119		0       35091877
#test 120		0       49979320
#test 121		0       33972585
#test 122		0       39135354
#test 123		0       33435203
#test 124		0       50744512
#test 125		0       49712705
#test 126		0       41192884
#test 127		0       34048685
#test 128		0       56425133
#test 129		0       36798582
#test 130		0       33870721
#test 131		0       36415536
#test 132		1       33988716
#test 133		1       51623561
#test 134		1       33498512
#test 135		1       50702689
#test 136		1       32391295
#test 137		1       32923948
#test 138		0       36577979
#test 139		0       48700765
#test 140		0       36732683
#test 141		0       33399455
#test 142		0       35635792
#test 143		0       39377068
#test 144		0       37518793
#test 145		0       36483822
#test 146		0       36102125
#test 147		0       36784854
#test 148		0       49479010
#test 149		0       36002941
#test 150		0       32985052
#test 151		0       34506864
#test 152		0       37432262
#test 153		0       38640877
#test 154		0       35876151
#test 155		0       36665502
#test 156		0       37892944
#test 157		0       53122975
#test 158		0       37210298
#test 159		0       36946339
#test 160		0       37291504
#test 161		0       33683949
#test 162		0       39852844
#test 163		0       36581200
#test 164		0       33879365
#test 165		0       51166076
#test 166		0       37022398
#test 167		0       38881357
#test 168		0       34692785
#test 169		0       41418327
#test 170		0       34991547
#test 171		0       56016344
#test 172		0       51019594
#test 173		0       33661494
#test 174		0       32816697
#test 175		0       36652732
#test 176		0       36490234
#test 177		0       35694430
#test 178		0       35192713
#test 179		0       32144957
#test 180		0       32967914
#test 181		0       33438469
#test 182		0       31228561
#test 183		0       32139540
#test 184		0       33598885
#test 185		0       51407974
#test 186		0       36916866
#test 187		0       37451220
#test 188		0       38122909
#test 189		0       33722472
#test 190		0       42796901
#test 191		0       36937936
#test 192		0       34080569
#test 193		0       36975973
#test 194		0       39862176
#test 195		0       39956778
#test 196		0       36488300
#test 197		0       51258380
#test 198		0       47700285
#test 199		0       36185235
#test 200		0       42350301
#test 201		0       40878807
#test 202		0       51833813
#test 203		0       36251171
#test 204		0       36131181
#test 205		0       36789098
#test 206		0       48065875
#test 207		0       39005466
#test 208		0       50870085
#test 209		0       48502021
#test 210		0       41776068
#test 211		0       33615040
#test 212		0       34714298
#test 213		0       44519863
#test 214		0       35566053
#test 215		0       34750251
#test 216		0       36374991
#test 217		0       35346119
#test 218		0       32793012
#test 219		0       33853840
#test 220		0       51232660
#test 221		0       33552234
#test 222		0       32561198
#test 223		0       48580507
#test 224		0       33317697
#test 225		0       52965904
#test 226		0       32714776
#test 227		0       36792201
#test 228		0       35325380
#test 229		0       33902245
#test 230		0       58373430
#test 231		0       36516359
#test 232		0       35117939
#test 233		0       36113351
#test 234		0       44978412
#test 235		0       37835831
#test 236		0       34482785
#test 237		0       38649285
#test 238		0       35533886
#test 239		0       50616836
#test 240		0       36675574
#test 241		0       38660137
#test 242		0       37630784
#test 243		0       39606953
#test 244		0       38782204
#test 245		0       56072888
#test 246		0       54490094
#test 247		0       42147628
#test 248		0       34940143
#test 249		0       55480187
#test 250		0       37070022
#test 251		0       45265032
#test 252		0       39040643
#test 253		0       35640887
#test 254		0       38598064
#test 255		0       39743271
#test 256		0       35758680
#test 257		0       35320542
#test 258		0       58374184
#test 259		0       41708033
#test 260		0       44570183
#test 261		0       45354372
#test 262		0       36448504
#test 263		0       45442539
#test 264		0       34766219
#test 265		0       37679805
#test 266		0       36286142
#test 267		0       35692207
#test 268		0       34647820
#test 269		0       36902511
#test 270		0       36356008
#test 271		0       33566881
#test 272		0       33747250
#test 273		0       36237629
#test 274		0       35990947
#test 275		0       53821417
#test 276		0       38583325
#test 277		0       33691151
#test 278		0       50703366
#test 279		0       39031615
#test 280		0       39606032
#test 281		0       48456720
#test 282		0       35266873
#test 283		0       39934825
#test 284		0       35688574
#test 285		0       35143277
#test 286		0       49447811
#test 287		0       44788483
#test 288		0       35428424
#test 289		0       39021065
#test 290		0       41611283
#test 291		0       50258455
#test 292		0       33918820
#test 293		0       45843710
#test 294		0       37422759
#test 295		0       47832326
#test 296		0       50650147
#test 297		0       38097370
#test 298		0       38083939
#test 299		0       52931775
#test 300		0       42010275
#test 301		0       41324170
#test 302		0       50869772
#test 303		0       49931893
#test 304		0       41000516
#test 305		0       49937672
#test 306		0       57070482
#test 307		0       47140895
#test 308		0       44824308
#test 309		0       35486914
#test 310		0       35774484
#test 311		0       44514357
#test 312		0       39959985
#test 313		0       42061328
#test 314		0       38749807
#test 315		0       34445957
#test 316		0       44101818
#test 317		0       32299065
#test 318		0       45520114
#test 319		0       36266222
#test 320		0       35526305
#test 321		0       41219368
#test 322		0       35854910
#test 323		0       35337391
#test 324		0       41934454
#test 325		0       34915843
#test 326		0       40934765
#test 327		0       48604586
#test 328		0       36596275
#test 329		0       51331170
#test 330		0       44140024
#test 331		0       41508377
#test 332		0       49937154
#test 333		0       41537384
#test 334		0       44169942
#test 335		0       34757299
#test 336		0       42320232
#test 337		0       48979082
#test 338		0       40125727
#test 339		0       41304099
#test 340		0       50410245
#test 341		0       45058048
#test 342		0       48364199
#test 343		0       46503748
#test 344		0       49015350
#test 345		0       49436798
#test 346		0       42150451
#test 347		0       48532514
#test 348		0       42179016
#test 349		0       53788872
#test 350		0       50494207
#test 351		0       34748869
#test 352		0       43080179
#test 353		0       52917587
#test 354		0       57549174
#test 355		0       39593107
#test 356		0       48489793
#test 357		0       54676133
#test 358		0       52043132
#test 359		0       37262035
#test 360		0       43598094
#test 361		0       35810990
#test 362		0       33472417
#test 363		0       44666535
#test 364		0       50982163
#test 365		0       33500025
#test 366		0       34869626
#test 367		0       45187142
#test 368		0       37697824
#test 369		0       48758471
#test 370		0       36996275
#test 371		0       48298133
#test 372		0       45855582
#test 373		0       42480698
#test 374		0       46073093
#test 375		0       43182265
#test 376		0       32518495
#test 377		0       40766155
#test 378		0       43351677
#test 379		0       35745586
#test 380		0       41357717
#test 381		0       55598341
#test 382		0       38915594
#test 383		0       35478375
#test 384		0       50412841
#test 385		0       42816807
#test 386		0       38951579
#test 387		0       46150693
#test 388		0       50352249
#test 389		0       63250397
#test 390		0       41386644
#test 391		0       39863703
#test 392		0       35988276
#test 393		0       43309974
#test 394		0       35224603
#test 395		0       48751942
#test 396		0       40476725
#test 397		0       61969855
#test 398		0       43358982
#test 399		0       52371406
#test 400		0       52057110
#test 401		0       41640751
#test 402		0       50303836
#test 403		0       47038288
#test 404		0       50645258
#test 405		0       38196442
#test 406		0       41109544
#test 407		0       50578256
#test 408		0       55774015
#test 409		0       52902170
#test 410		0       53414948
#test 411		0       67582605
#test 412		0       52375686
#test 413		0       55648914
#test 414		0       67741525
#test 415		0       55148442
#test 416		0       46823432
#test 417		0       38019059
#test 418		0       51023893
#test 419		0       38244956
#test 420		0       44171384
#test 421		0       42970482
#test 422		0       36294341
#test 423		0       46815483
#test 424		0       33052373
#test 425		0       33944302
#test 426		0       45049314
#test 427		0       42975617
#test 428		0       59015078
#test 429		0       44972505
#test 430		0       44256684
#test 431		0       39615512
#test 432		0       40801983
#test 433		0       37684036
#test 434		0       46002053
#test 435		0       44461011
#test 436		0       48561258
#test 437		0       42797630
#test 438		0       40625527
#test 439		0       36052023
#test 440		0       45988650
#test 441		0       46095662
#test 442		0       50779003
#test 443		0       53680887
#test 444		0       57426470
#test 445		0       59777670
#test 446		0       48484638
#test 447		0       55229024
#test 448		0       47118993
#test 449		0       41568402
#test 450		0       39385978
#test 451		0       39803165
#test 452		0       33250119
#test 453		0       40815550
#test 454		0       33134298
#test 455		0       37974778
#test 456		0       35756274
#test 457		0       41386931
#test 458		0       36527473
#test 459		0       43804876
#test 460		0       42380890
#test 461		0       33856509
#test 462		0       39925982
#test 463		0       37319160
#test 464		0       39371882
#test 465		0       36863007
#test 466		0       33315291
#test 467		0       43280412
#test 468		0       35047713
#test 469		0       34297982
#test 470		0       38326043
#test 471		0       38496115
#test 472		0       34441117
#test 473		0       37650003
#test 474		0       35442283
#test 475		0       37342114
#test 476		0       32536791
#test 477		0       36295731
#test 478		0       38287275
#test 479		0       35647112
#test 480		0       35229466
#test 481		0       35917609
#test 482		0       35609966
#test 483		0       34842464
#test 484		0       34302203
#test 485		0       34555697
#test 486		0       32992809
#test 487		0       33472613
#test 488		0       42104434
#test 489		0       37415082
#test 490		0       34359198
#test 491		0       33943942
#test 492		0       35509762
#test 493		0       33633700
#test 494		0       35491710
#test 495		0       37507952
#test 496		0       38327008
#test 497		0       37777794
#test 498		0       34687916
#test 499		0       34894939
#test 500		0       37745147
#test 501		0       35610308
#test 502		0       37093518
#test 503		0       38857680
#test 504		0       36921465
#test 505		0       37743191
#test 506		0       34067115
#test 507		0       33865310
#test 508		0       37248741
#test 509		0       34272574
#test 510		0       35421700
#test 511		0       36585332
#test 512		0       33990296
#test 513		0       35303091
#test 514		0       38041650
#test 515		0       38975291
#test 516		0       37349092
#test 517		0       38257741
#test 518		0       35569556
#test 519		0       41616790
#test 520		0       41214924
#test 521		0       40717408
#test 522		0       36862265
#test 523		0       48575312
#test 524		0       34680402
#test 525		0       36202450
#test 526		0       35935341
#test 527		0       38816491
#test 528		0       43369291
#test 529		0       33765309
#test 530		0       41602354
#test 531		0       38380627
#test 532		0       33774542
#test 533		0       36896503
#test 534		0       39045152
#test 535		0       41400688
#test 536		0       37565755
#test 537		0       44804846
#test 538		0       36643964
#test 539		0       41859115
#test 540		0       35124008
#test 541		0       37124770
#test 542		0       35594624
#test 543		0       36605918
#test 544		0       36099520
#test 545		0       35098990
#test 546		0       34971807
#test 547		0       36784009
#test 548		0       33903554
#test 549		0       36399754
#test 550		0       36303657
#test 551		0       34542606
#test 552		0       41400589
#test 553		0       33807949
#test 554		0       34925966
#test 555		0       41032992
#test 556		0       34939530
#test 557		0       34349682
#test 558		0       36481146
#test 559		0       45042591
#test 560		0       36238202
#test 561		0       32323457
#test 562		0       37402701
#test 563		0       35398329
#test 564		0       34577499
#test 565		0       36284588
#test 566		0       33731245
#test 567		0       35575646
#test 568		0       36494595
#test 569		0       40918637
#test 570		0       39684591
#test 571		0       37880026
#test 572		0       36465298
#test 573		0       37935476
#test 574		0       37203803
#test 575		0       39542416
#test 576		0       36206250
#test 577		0       39272356
#test 578		0       51493663
#test 579		0       39247002
#test 580		0       50592573
#test 581		0       39932362
#test 582		0       42820274
#test 583		0       36800640
#test 584		0       41538153
#test 585		0       34819350
#test 586		0       40013594
#test 587		0       39545397
#test 588		0       42176646
#test 589		0       41740114
#test 590		0       41334255
#test 591		0       36045356
#test 592		0       36749795
#test 593		0       39609674
#test 594		0       45836828
#test 595		0       39946218
#test 596		0       40170513
#test 597		0       41008540
#test 598		0       37116075
#test 599		0       39813825
#test 600		0       50361830
#test 601		0       54651620
#test 602		0       40121168
#test 603		0       40796231
#test 604		0       39922576
#test 605		0       60291720
#test 606		0       37857171
#test 607		0       48218987
#test 608		0       40610878
#test 609		0       34583571
#test 610		0       45496604
#test 611		0       39482886
#test 612		0       35620369
#test 613		0       35541036
#test 614		0       40978085
#test 615		0       37490451
#test 616		0       54414579
#test 617		0       39256663
#test 618		0       45882918
#test 619		0       40042028
#test 620		0       46227918
#test 621		0       41280191
#test 622		0       34674278
#test 623		0       42205420
#test 624		0       36137024
#test 625		0       38474980
#test 626		0       35994141
#test 627		0       50045394
#test 628		0       42768149
#test 629		0       36316099
#test 630		0       40375429
#test 631		0       40573218
#test 632		0       43214890
#test 633		0       48133487
#test 634		0       52809098
#test 635		0       56161866
#test 636		0       42577255
#test 637		0       39348600
#test 638		0       42619308
#test 639		0       47597580
#test 640		0       53182678
#test 641		0       34959718
#test 642		0       38553071
#test 643		0       53000275
#test 644		0       50133881
#test 645		0       35595470
#test 646		0       39662066
#test 647		0       34415485
#test 648		0       54649030
#test 649		0       42434131
#test 650		0       40706922
#test 651		0       47638104
#test 652		0       43640335
#test 653		0       36156861
#test 654		0       43660611
#test 655		0       40480222
#test 656		0       35504602
#test 657		0       41928826
#test 658		0       48883624
#test 659		0       51977767
#test 660		0       43539054
#test 661		0       44123933
#test 662		0       41294751
#test 663		0       53519091
#test 664		0       50702687
#test 665		0       37886253
#test 666		0       44770017
#test 667		0       43506969
#test 668		0       42022630
#test 669		0       51046171
#test 670		0       37112950
#test 671		0       51859112
#test 672		0       43166281
#test 673		0       40703007
#test 674		0       40176920
#test 675		0       54734546
#test 676		0       45120368
#test 677		0       45553291
#test 678		0       46161803
#test 679		0       38952006
#test 680		0       43178943
#test 681		0       44725109
#test 682		0       44453417
#test 683		0       52797453
#test 684		0       43041636
#test 685		0       44414932
#test 686		0       47870389
#test 687		0       62603482
#test 688		0       52497116
#test 689		0       47006718
#test 690		0       52166981
#test 691		0       47492493
#test 692		0       40830981
#test 693		0       46994006
#test 694		0       44007476
#test 695		0       49758645
#test 696		0       50635031
#test 697		0       52096533
#test 698		0       41534628
#test 699		0       51967014
#test 700		0       39639346
#test 701		0       44351615
#test 702		0       43035388
#test 703		0       48782818
#test 704		0       41439757
#test 705		0       50479160
#test 706		0       44251134
#test 707		0       39393829
#test 708		0       38018460
#test 709		0       50355146
#test 710		0       50537134
#test 711		0       43348298
#test 712		0       47993126
#test 713		0       46369084
#test 714		0       38522507
#test 715		0       44688287
#test 716		0       48234245
#test 717		0       42703518
#test 718		0       35136586
#test 719		0       46481146
#test 720		0       45324843
#test 721		0       37499235
#test 722		0       35723213
#test 723		0       44187177
#test 724		0       42785615
#test 725		0       59035701
#test 726		0       45560226
#test 727		0       44386796
#test 728		0       41743960
#test 729		0       44122675
#test 730		0       41516338
#test 731		0       39499605
#test 732		0       39518888
#test 733		0       42119573
#test 734		0       38104397
#test 735		0       44244477
#test 736		0       44515594
#test 737		0       40576835
#test 738		0       40108207
#test 739		0       38115938
#test 740		0       51663412
#test 741		0       43658698
#test 742		0       38099352
#test 743		0       39289244
#test 744		0       43521219
#test 745		0       43999831
#test 746		0       46243380
#test 747		0       44907620
#test 748		0       38732609
#test 749		0       44477174
#test 750		0       36455417
#test 751		0       33320334
#test 752		0       38655091
#test 753		0       34239449
#test 754		0       37843146
#test 755		0       43138628
#test 756		0       38556583
#test 757		0       39116174
#test 758		0       34694588
#test 759		0       36965753
#test 760		0       36156650
#test 761		0       43047778
#test 762		0       42106262
#test 763		0       38335102
#test 764		0       33658828
#test 765		0       40807617
#test 766		0       47318914
#test 767		0       37944230
#test 768		0       40746368
#test 769		0       40202148
#test 770		0       43457200
#test 771		0       43995606
#test 772		0       41199123
#test 773		0       38075761
#test 774		0       36093839
#test 775		0       37810171
#test 776		0       37539152
#test 777		0       33788493
#test 778		0       38703449
#test 779		0       36466710
#test 780		0       36027786
#test 781		0       36115189
#test 782		0       38803594
#test 783		0       42348077
#test 784		0       48962640
#test 785		0       36009495
#test 786		0       40574194
#test 787		0       37321255
#test 788		0       36596974
#test 789		0       37467322
#test 790		0       38620927
#test 791		0       41943147
#test 792		0       39120640
#test 793		0       47550616
#test 794		0       43411422
#test 795		0       39927411
#test 796		0       45720211
#test 797		0       42397586
#test 798		0       46253470
#test 799		0       46271426
#test 800		0       42300691
#test 801		0       43192904
#test 802		0       43549209
#test 803		0       39000854
#test 804		0       45696349
#test 805		0       50122279
#test 806		0       38804826
#test 807		0       44556031
#test 808		0       43647708
#test 809		0       44980645
#test 810		0       41063020
#test 811		0       55358119
#test 812		0       47511599
#test 813		0       45066400
#test 814		0       48292386
#test 815		0       44873892
#test 816		0       43979847
#test 817		0       46288508
#test 818		0       46166967
#test 819		0       36861608
#test 820		0       38554979
#test 821		0       36687796
#test 822		0       33654625
#test 823		0       42245093
#test 824		0       43454432
#test 825		0       38224171
#test 826		0       33553765
#test 827		0       34884761
#test 828		0       42213838
#test 829		0       44777346
#test 830		0       33347875
#test 831		0       34075470
#test 832		0       47228166
#test 833		0       48918906
#test 834		0       33017965
#test 835		0       33264880
#test 836		0       48661807
#test 837		0       36006093
#test 838		0       33411204
#test 839		0       32824069
#test 840		0       50744322
#test 841		0       32918973
#test 842		0       33513208
#test 843		0       32602459
#test 844		0       35048297
#test 845		0       36358643
#test 846		0       37428827
#test 847		0       52820518
#test 848		0       54317677
#test 849		0       33477882
#test 850		0       35067123
#test 851		0       35558227
#test 852		0       37072674
#test 853		0       48596656
#test 854		0       33576896
#test 855		0       41639799
#test 856		0       46514440
#test 857		0       34258037
#test 858		0       36230969
#test 859		0       38003750
#test 860		0       33762823
#test 861		0       38531615
#test 862		0       35189473
#test 863		0       44189998
#test 864		0       48879714
#test 865		0       33994981
#test 866		0       34209392
#test 867		0       34824425
#test 868		0       55354368
#test 869		0       36947331
#test 870		0       47854184
#test 871		0       32357517
#test 872		0       33364700
#test 873		0       50360491
#test 874		0       34377755
#test 875		0       33998805
#test 876		0       50852805
#test 877		0       34536068
#test 878		0       37607641
#test 879		0       40879158
#test 880		0       36124277
#test 881		0       51556758
#test 882		0       34510235
#test 883		0       33182860
#test 884		0       56892850
#test 885		0       37227547
#test 886		0       32162949
#test 887		0       51579811
#test 888		0       35899283
#test 889		0       35044449
#test 890		0       37548082
#test 891		0       35282569
#test 892		0       41105705
#test 893		0       45150356
#test 894		0       37996383
#test 895		0       34435136
#test 896		0       36616654
#test 897		0       40640624
#test 898		0       34161060
#test 899		0       55090928
#test 900		0       38513710
#test 901		0       35613499
#test 902		0       51443688
#test 903		0       51601328
#test 904		0       35147249
#test 905		0       51820778
#test 906		0       34676257
#test 907		0       50153309
#test 908		0       37376623
#test 909		0       33892946
#test 910		0       47255122
#test 911		0       35547450
#test 912		0       36284094
#test 913		0       32792271
#test 914		0       32675778
#test 915		0       33776752
#test 916		0       34963313
#test 917		0       48902065
#test 918		0       37340570
#test 919		0       33725761
#test 920		0       31664115
#test 921		0       52122239
#test 922		0       33864543
#test 923		0       35202116
#test 924		0       49154491
#test 925		0       36771425
#test 926		0       46989326
#test 927		0       43689655
#test 928		0       50328841
#test 929		0       34514877
#test 930		0       34868777
#test 931		0       53625004
#test 932		0       34498463
#test 933		0       36654978
#test 934		0       37598537
#test 935		0       35597643
#test 936		0       33383064
#test 937		0       51031809
#test 938		0       35843678
#test 939		0       34373435
#test 940		0       33306116
#test 941		0       34962831
#test 942		0       36295581
#test 943		0       50272908
#test 944		0       50087631
#test 945		0       34014492
#test 946		0       43429640
#test 947		0       37219076
#test 948		0       43752714
#test 949		0       35855422
#test 950		0       34914456
#test 951		0       34439324
#test 952		0       52420805
#test 953		0       52304622
#test 954		0       37156950
#test 955		0       48867070
#test 956		0       37809325
#test 957		0       49487639
#test 958		0       36967447
#test 959		0       37606924
#test 960		0       38237454
#test 961		0       39096430
#test 962		0       40584234
#test 963		0       53364426
#test 964		0       46137230
#test 965		0       41132627
#test 966		0       42844824
#test 967		0       51534120
#test 968		0       48112765
#test 969		0       50653890
#test 970		0       54277401
#test 971		0       41063324
#test 972		0       50102200
#test 973		0       35219617
#test 974		0       35152841
#test 975		0       48664705
#test 976		0       49528836
#test 977		0       34298108
#test 978		0       33167321
#test 979		0       41072218
#test 980		0       33828773
#test 981		0       46233449
#test 982		0       34308603
#test 983		0       35334666
#test 984		0       33751387
#test 985		0       50770868
#test 986		0       35314792
#test 987		0       35065507
#test 988		0       37959699
#test 989		0       38604668
#test 990		0       35291901
#test 991		0       46999570
#test 992		0       31838148
#test 993		0       34492698
#test 994		0       35686813
#test 995		0       32958440
#test 996		0       50128304
#test 997		0       33455916
#test 998		0       50133358
#test 999		0       38749195
#test 1000		0       38077968
#test 1001		0       36986669
#test 1002		0       33426077
#test 1003		0       49439898
#test 1004		0       34376686
#test 1005		0       35897260
#test 1006		0       37859806
#test 1007		0       36499258
#test 1008		0       35718391
#test 1009		0       42246834
#test 1010		0       41433857
#test 1011		0       35795578
#test 1012		0       32568166
#test 1013		0       32086081
#test 1014		0       31506098
#test 1015		0       48958405
#test 1016		0       49550400
#test 1017		0       45005802
#test 1018		0       33886002
#test 1019		0       53441333
#test 1020		0       42563215
#test 1021		0       33679961
#test 1022		0       32673249
#test 1023		0       51761619
#test 1024		0       40791484
#test 1025		0       33319552
#test 1026		0       36480158
#test 1027		0       45492337
#test 1028		0       48098726
#test 1029		0       44486088
#test 1030		0       34586913
#test 1031		0       34459174
#test 1032		0       40083988
#test 1033		0       55394767
#test 1034		0       33115103
#test 1035		0       34169162
#test 1036		0       45991299
#test 1037		0       39836944
#test 1038		0       32664261
#test 1039		0       33666827
#test 1040		0       34072964
#test 1041		0       32389682
#test 1042		0       49838435
#test 1043		0       32679643
#test 1044		0       31630514
#test 1045		0       37776802
#test 1046		0       36341720
#test 1047		0       39022421
#test 1048		0       34807915
#test 1049		0       44908128
#test 1050		0       33190678
#test 1051		0       36737502
#test 1052		0       36682116
#test 1053		0       33695917
#test 1054		0       50301890
#test 1055		0       31217002
#test 1056		0       31637535
#test 1057		0       40935706
#test 1058		0       32397458
#test 1059		0       33285401
#test 1060		0       39563582
#test 1061		0       32022488
#test 1062		0       34827035
#test 1063		0       32775543
#test 1064		0       52880020
#test 1065		0       32194857
#test 1066		0       32525544
#test 1067		0       32988933
#test 1068		0       49405770
#test 1069		0       42778770
#test 1070		0       32378095
#test 1071		0       32772485
#test 1072		0       33736009
#test 1073		0       41559939
#test 1074		0       34737273
#test 1075		0       31892082
#test 1076		0       33734801
#test 1077		0       52939229
#test 1078		0       33451864
#test 1079		0       49525209
#test 1080		0       46738543
#test 1081		0       43552335
#test 1082		0       43757072
#test 1083		0       34530717
#test 1084		0       32961353
#test 1085		0       37204996
#test 1086		0       32771906
#test 1087		0       35381844
#test 1088		0       45191594
#test 1089		0       50233338
#test 1090		0       33046593
#test 1091		0       41789679
#test 1092		0       45786304
#test 1093		0       38735724
#test 1094		0       34846680
#test 1095		0       34386290
#test 1096		0       32308757
#test 1097		0       41734598
#test 1098		0       48267470
#test 1099		0       49492390
#test 1100		0       49278852
#test 1101		0       34464076
#test 1102		0       33430921
#test 1103		0       53897072
#test 1104		0       49796611
#test 1105		0       38354386
#test 1106		0       50604945
#test 1107		0       35298374
#test 1108		0       34770246
#test 1109		0       34628100
#test 1110		0       48266292
#test 1111		0       49686950
#test 1112		0       35206505
#test 1113		0       32542211
#test 1114		0       35859882
#test 1115		0       33990098
#test 1116		0       48259757
#test 1117		0       35614157
#test 1118		0       48780315
#test 1119		0       33313110
#test 1120		0       51930094
#test 1121		0       33132726
#test 1122		0       34494782
#test 1123		0       36047205
#test 1124		0       48851580
#test 1125		0       32412843
#test 1126		0       46954360
#test 1127		0       38178990
#test 1128		0       33644053
#test 1129		0       34507950
#test 1130		0       48999401
#test 1131		0       35726524
#test 1132		0       32768316
#test 1133		0       36226422
#test 1134		0       33216842
#test 1135		0       51840923
#test 1136		0       48963036
#test 1137		0       43979131
#test 1138		0       35723400
#test 1139		0       48317179
#test 1140		0       32429945
#test 1141		0       35509465
#test 1142		0       35570763
#test 1143		0       32199345
#test 1144		0       35089078
#test 1145		0       51564544
#test 1146		0       33303119
#test 1147		0       35545522
#test 1148		0       43638399
#test 1149		0       32948364
#test 1150		0       33065573
#test 1151		0       47162821
#test 1152		0       46828166
#test 1153		0       49889630
#test 1154		0       38929455
#test 1155		0       33423600
#test 1156		0       39080066
#test 1157		0       43473316
#test 1158		0       32889995
#test 1159		0       34173372
#test 1160		0       34068249
#test 1161		0       33934503
#test 1162		0       55187217
#test 1163		0       38566261
#test 1164		0       39792776
#test 1165		0       39313420
#test 1166		0       42008555
#test 1167		0       36044081
#test 1168		0       33623901
#test 1169		0       55068223
#test 1170		0       45204327
#test 1171		0       50524359
#test 1172		0       38902243
#test 1173		0       33849871
#test 1174		0       39654403
#test 1175		0       50130832
#test 1176		0       37861982
#test 1177		0       35098446
#test 1178		0       37120676
#test 1179		0       35310494
#test 1180		0       36516313
#test 1181		0       53785730
#test 1182		0       36177984
#test 1183		0       60517512
#test 1184		0       33413395
#test 1185		0       45273365
#test 1186		0       33175458
#test 1187		0       32976428
#test 1188		0       45388645
#test 1189		0       34887867
#test 1190		0       40048844
#test 1191		0       45833665
#test 1192		0       32936909
#test 1193		0       36535705
#test 1194		0       52120379
#test 1195		0       53153522
#test 1196		0       34465814
#test 1197		0       38257586
#test 1198		0       48386947
#test 1199		0       55387222
#test 1200		0       50215751
#test 1201		0       49653435
#test 1202		0       49532188
#test 1203		0       51655213
#test 1204		0       33651983
#test 1205		0       48842608
#test 1206		0       51270473
#test 1207		0       54419192
#test 1208		0       46557719
#test 1209		0       37656059
#test 1210		0       37836881
#test 1211		0       46277624
#test 1212		0       45780363
#test 1213		0       37549357
#test 1214		0       34440090
#test 1215		0       53859733
#test 1216		0       34401769
#test 1217		0       38401822
#test 1218		0       40422722
#test 1219		0       39780369
#test 1220		0       49273152
#test 1221		0       34397895
#test 1222		0       38538281
#test 1223		0       33684986
#test 1224		0       53013681
#test 1225		0       34480625
#test 1226		0       49893648
#test 1227		0       34790639
#test 1228		0       51741040
#test 1229		0       32616996
#test 1230		0       50372982
#test 1231		0       37345984
#test 1232		0       48817572
#test 1233		0       34212203
#test 1234		0       51307215
#test 1235		0       50019060
#test 1236		0       51056776
#test 1237		0       53738965
#test 1238		0       43514580
#test 1239		0       39109620
#test 1240		0       35309461
#test 1241		0       34501830
#test 1242		0       35545904
#test 1243		0       35194846
#test 1244		0       51782478
#test 1245		0       43985056
#test 1246		0       41722977
#test 1247		0       32820575
#test 1248		0       48861025
#test 1249		0       35524630
#test 1250		0       35002307
#test 1251		0       44284360
#test 1252		0       50962133
#test 1253		0       52119836
#test 1254		0       38309962
#test 1255		0       39879149
#test 1256		0       37003812
#test 1257		0       39943726
#test 1258		0       36789813
#test 1259		0       49498351
#test 1260		0       35071138
#test 1261		0       39322515
#test 1262		0       55603841
#test 1263		0       52693826
#test 1264		0       43359815
#test 1265		0       54121347
#test 1266		0       35143918
#test 1267		0       39840859
#test 1268		0       34860781
#test 1269		0       38626509
#test 1270		0       35775741
#test 1271		0       42549710
#test 1272		0       41889215
#test 1273		0       50416004
#test 1274		0       38741815
#test 1275		0       36383393
#test 1276		0       37004215
#test 1277		0       39441666
#test 1278		0       51432942
#test 1279		0       35332861
#test 1280		0       36598127
#test 1281		0       34544598
#test 1282		0       42351422
#test 1283		0       34133703
#test 1284		0       37280503
#test 1285		0       40106790
#test 1286		0       45050485
#test 1287		0       34243188
#test 1288		0       32346213
#test 1289		0       44928099
#test 1290		0       33149713
#test 1291		0       35331993
#test 1292		0       41337583
#test 1293		0       37660502
#test 1294		0       33175314
#test 1295		0       32787723
#test 1296		0       35464617
#test 1297		0       37164625
#test 1298		0       37706386
#test 1299		0       35516699
#test 1300		0       32785259
#test 1301		0       51336019
#test 1302		0       54933402
#test 1303		0       34309501
#test 1304		0       32113594
#test 1305		0       33318967
#test 1306		0       32177030
#test 1307		0       33140314
#test 1308		0       33280099
#test 1309		0       38098152
#test 1310		0       49229595
#test 1311		0       50953639
#test 1312		0       47715464
#test 1313		0       48604304
#test 1314		0       34895898
#test 1315		0       32332928
#test 1316		0       33437712
#test 1317		0       48871251
#test 1318		0       33728738
#test 1319		0       53001945
#test 1320		0       32522237
#test 1321		0       33353255
#test 1322		0       35044434
#test 1323		0       33021778
#test 1324		0       34238042
#test 1325		0       31719833
#test 1326		0       32230983
#test 1327		0       49651637
#test 1328		0       33296329
#test 1329		0       32854579
#test 1330		0       33836929
#test 1331		0       34108609
#test 1332		0       33144799
#test 1333		0       37411669
#test 1334		0       40809835
#test 1335		0       43246650
#test 1336		0       88926649
#test 1337		0       81986004
#test 1338		0       53420656
#test 1339		0       35812220
#test 1340		0       52919563
#test 1341		0       54741790
#test 1342		0       38669792
#test 1343		0       39549368
#test 1344		0       37942978
#test 1345		0       60372294
#test 1346		0       35092872
#test 1347		0       37285754
#test 1348		0       41580923
#test 1349		0       36990750
#test 1350		0       38106921
#test 1351		0       44450557
#test 1352		0       51483784
#test 1353		0       54375173
#test 1354		0       37917742
#test 1355		0       37579294
#test 1356		0       38083361
#test 1357		0       40930162
#test 1358		0       53214002
#test 1359		0       39289971
#test 1360		0       52473819
#test 1361		0       37823485
#test 1362		0       35015547
#test 1363		0       36784244
#test 1364		0       58360054
#test 1365		0       56252715
#test 1366		0       41581215
#test 1367		0       35897903
#test 1368		0       40686894
#test 1369		0       52022869
#test 1370		0       40506912
#test 1371		0       38675489
#test 1372		0       35487999
#test 1373		0       39374003
#test 1374		0       45438779
#test 1375		0       39446285
#test 1376		0       39302719
#test 1377		0       35707450
#test 1378		0       37918888
#test 1379		0       53749571
#test 1380		0       52072353
#test 1381		0       55283844
#test 1382		0       41025919
#test 1383		0       43674434
#test 1384		0       50473794
#test 1385		0       37905066
#test 1386		0       36678974
#test 1387		0       33836098
#test 1388		0       37034335
#test 1389		0       37195343
#test 1390		0       52915211
#test 1391		0       46809782
#test 1392		0       74757929
#test 1393		0       42831963
#test 1394		0       40619072
#test 1395		0       40537020
#test 1396		0       39031211
#test 1397		0       41459225
#test 1398		0       37719030
#test 1399		0       42201314
#test 1400		0       36909579
#test 1401		0       41149680
#test 1402		0       52841016
#test 1403		0       38626639
#test 1404		0       36280720
#test 1405		0       47075698
#test 1406		0       39509242
#test 1407		0       52756343
#test 1408		0       39774998
#test 1409		0       36198239
#test 1410		0       43419555
#test 1411		0       52310861
#test 1412		0       59492279
#test 1413		0       41994868
#test 1414		0       38329205
#test 1415		0       38402814
#test 1416		0       46085038
#test 1417		0       52413444
#test 1418		0       52737133
#test 1419		0       57304418
#test 1420		0       56522567
#test 1421		0       56783270
#test 1422		0       59359902
#test 1423		0       37159024
#test 1424		0       44011279
#test 1425		0       51807371
#test 1426		0       51851663
#test 1427		0       36735311
#test 1428		0       44884038
#test 1429		0       38128930
#test 1430		0       53785808
#test 1431		0       55409865
#test 1432		0       53218463
#test 1433		0       61759091
#test 1434		0       46131084
#test 1435		0       46953901
#test 1436		0       45461590
#test 1437		0       64971085
#test 1438		0       52543827
#test 1439		0       45341359
