#PROBLEM: aim-100-1_6-no-1 & longest chain length: 9 & average chain length: 3.1395 & median chain length: 2 & varNum: 100 & clauseNum: 160 & chains: 43 & timeout: 250s 
#original chain with index 63: [11, 12, 182, 13, 192, 18, 7, 181, 191] 
#trying: [182, 13, 12, 18, 11, 192, 191, 181, 7]
0	1       153523279
#trying: [11, 12, 13, 191, 192, 18, 181, 182, 7]
1	1       169218056
#trying: [182, 192, 12, 191, 181, 7, 18, 13, 11]
2	1       178880811
#trying: [18, 13, 11, 181, 12, 191, 7, 192, 182]
3	1       175645593
#trying: [192, 18, 182, 7, 11, 13, 12, 181, 191]
4	1       168593545
#trying: [13, 11, 182, 192, 7, 191, 12, 18, 181]
5	1       168051565
#trying: [12, 192, 191, 11, 13, 18, 7, 181, 182]
6	1       156699760
#trying: [18, 13, 182, 11, 7, 181, 12, 191, 192]
7	1       177109035
#trying: [11, 182, 181, 18, 13, 7, 192, 12, 191]
8	1       163125904
#trying: [13, 181, 11, 191, 182, 192, 7, 18, 12]
9	1       157386834
#trying: [182, 18, 13, 191, 11, 7, 192, 12, 181]
10	1       162767597
#trying: [182, 7, 18, 11, 13, 181, 192, 191, 12]
11	1       94727165
#trying: [13, 18, 182, 12, 191, 181, 192, 11, 7]
12	1       101833688
#trying: [192, 12, 181, 13, 191, 18, 7, 182, 11]
13	1       101101457
#trying: [12, 18, 7, 182, 192, 13, 11, 181, 191]
14	1       107576069
#trying: [11, 191, 192, 13, 12, 181, 18, 182, 7]
15	1       104417792
#trying: [7, 13, 192, 181, 182, 191, 18, 11, 12]
16	1       106208356
#trying: [181, 182, 7, 13, 12, 192, 18, 191, 11]
17	1       180829894
#trying: [182, 191, 192, 11, 18, 12, 7, 181, 13]
18	1       172021016
#trying: [12, 181, 18, 182, 11, 7, 13, 192, 191]
19	1       183406615
#trying: [7, 182, 181, 191, 192, 18, 11, 12, 13]
20	1       177152705
#trying: [181, 12, 18, 13, 191, 11, 182, 7, 192]
21	1       191748153
#trying: [7, 192, 13, 18, 11, 12, 181, 182, 191]
22	1       182480506
#trying: [181, 11, 13, 182, 7, 12, 191, 192, 18]
23	1       177371990
#trying: [12, 11, 191, 7, 182, 18, 181, 13, 192]
24	1       170356854
#trying: [181, 182, 12, 191, 11, 7, 13, 192, 18]
25	1       173909586
#trying: [12, 192, 181, 13, 182, 7, 11, 18, 191]
26	1       100525236
#trying: [191, 181, 13, 11, 182, 7, 12, 192, 18]
27	1       117857958
#trying: [18, 12, 13, 181, 11, 7, 192, 191, 182]
28	1       210452088
#trying: [182, 12, 191, 13, 18, 7, 181, 192, 11]
29	1       211509991
#trying: [182, 18, 7, 181, 192, 11, 13, 12, 191]
30	1       190897422
#trying: [181, 11, 191, 192, 7, 18, 12, 182, 13]
31	1       191121833
#trying: [11, 182, 191, 181, 12, 192, 13, 7, 18]
32	1       107831651
#trying: [13, 7, 18, 191, 192, 181, 182, 11, 12]
33	1       98543102
#trying: [13, 18, 181, 182, 191, 12, 7, 192, 11]
34	1       100838790
#trying: [181, 191, 182, 12, 11, 13, 192, 7, 18]
35	1       101389642
#trying: [181, 7, 192, 12, 13, 18, 182, 11, 191]
36	1       93865711
#trying: [192, 18, 182, 191, 7, 12, 181, 11, 13]
37	1       142144023
#trying: [7, 192, 12, 11, 182, 181, 191, 18, 13]
38	1       189739107
#trying: [13, 18, 12, 181, 192, 11, 7, 191, 182]
39	1       172481875
#trying: [192, 7, 191, 12, 11, 18, 13, 181, 182]
40	1       110128367
#trying: [192, 12, 181, 18, 7, 182, 13, 11, 191]
41	1       216335783
#trying: [18, 192, 12, 7, 181, 13, 182, 191, 11]
42	1       200606517
#trying: [192, 18, 191, 7, 11, 181, 13, 12, 182]
43	1       191839914
#trying: [181, 191, 18, 13, 11, 7, 192, 12, 182]
44	1       215988487
#trying: [18, 191, 181, 7, 182, 192, 12, 13, 11]
45	1       222773568
#trying: [192, 12, 11, 182, 181, 191, 18, 13, 7]
46	1       214170366
#trying: [13, 12, 191, 192, 182, 11, 18, 181, 7]
47	1       191594660
#trying: [181, 7, 13, 11, 182, 191, 12, 18, 192]
48	1       210491787
#trying: [7, 11, 191, 192, 182, 181, 12, 13, 18]
49	1       202869223
#trying: [181, 7, 192, 12, 182, 13, 191, 18, 11]
50	1       235860519
#trying: [11, 181, 191, 182, 12, 192, 18, 7, 13]
51	1       169337277
#trying: [191, 13, 11, 182, 18, 7, 192, 181, 12]
52	1       200290328
#trying: [181, 192, 7, 182, 13, 11, 12, 18, 191]
53	1       187203711
#trying: [7, 182, 181, 11, 192, 12, 18, 13, 191]
54	1       215231429
#trying: [181, 7, 11, 13, 182, 191, 18, 12, 192]
55	1       132567607
#trying: [13, 181, 182, 12, 18, 191, 11, 7, 192]
56	1       205075482
#trying: [12, 7, 181, 192, 18, 191, 182, 13, 11]
57	1       184625517
#trying: [11, 13, 18, 7, 192, 182, 181, 12, 191]
58	1       207402503
#trying: [12, 18, 191, 11, 192, 13, 182, 7, 181]
59	1       196274464
#trying: [12, 7, 18, 182, 181, 192, 191, 13, 11]
60	1       215399610
#trying: [11, 182, 12, 192, 7, 13, 191, 181, 18]
61	1       277417986
#trying: [191, 7, 11, 182, 18, 12, 181, 192, 13]
62	1       188229151
#trying: [13, 192, 11, 182, 191, 12, 181, 18, 7]
63	1       190560670
#trying: [181, 192, 18, 182, 13, 12, 7, 191, 11]
64	1       220058372
#trying: [18, 192, 182, 11, 12, 191, 7, 13, 181]
65	1       204540393
#trying: [12, 192, 182, 18, 11, 7, 13, 191, 181]
66	1       212762787
#trying: [182, 191, 7, 192, 11, 12, 181, 18, 13]
67	1       224208075
#trying: [18, 182, 12, 192, 7, 191, 181, 13, 11]
68	1       203314045
#trying: [181, 11, 7, 13, 191, 12, 18, 182, 192]
69	1       177378407
#trying: [192, 181, 191, 182, 13, 11, 7, 18, 12]
70	1       215921075
#trying: [13, 12, 191, 18, 192, 181, 11, 182, 7]
71	1       203342654
#trying: [12, 13, 181, 192, 191, 7, 11, 18, 182]
72	1       186302647
#trying: [13, 192, 181, 7, 18, 11, 191, 12, 182]
73	1       215415523
