#PROBLEM: f11 & longest chain length: 13 & average chain length: 2.6786 & median chain length: 7.5 & varNum: 22 & clauseNum: 73 & chains: 28 & timeout: 30s 
#original chain with index 40: [53, 81, 41, 18, 87, 77, 79, 29, 26, 91, 35, 38, 90] 
#trying: [35, 18, 77, 53, 90, 38, 91, 41, 26, 87, 29, 79, 81]
0	1       1388621026
#trying: [91, 29, 26, 38, 35, 81, 79, 53, 41, 90, 18, 87, 77]
1	Timeout 
#trying: [53, 18, 38, 90, 91, 29, 77, 79, 26, 87, 35, 41, 81]
2	Timeout 
#trying: [77, 90, 79, 87, 53, 29, 81, 38, 18, 26, 35, 91, 41]
3	Timeout 
#trying: [35, 38, 90, 87, 41, 18, 29, 77, 91, 79, 81, 53, 26]
4	Timeout 
#trying: [18, 91, 79, 81, 26, 53, 90, 87, 29, 38, 35, 77, 41]
5	Timeout 
#trying: [79, 77, 90, 35, 53, 18, 38, 26, 41, 87, 81, 91, 29]
6	Timeout 
#trying: [53, 81, 18, 35, 79, 90, 91, 87, 77, 26, 38, 41, 29]
7	1       15528369525
#trying: [91, 18, 41, 35, 26, 87, 90, 79, 77, 38, 29, 53, 81]
8	Timeout 
#trying: [81, 79, 18, 35, 87, 77, 26, 90, 38, 41, 29, 53, 91]
9	Timeout 
