#PROBLEM: f11.0 & longest chain length: 10 & average chain length: 2.6875 & median chain length: 6.0 & varNum: 29 & clauseNum: 101 & chains: 32 & timeout: 60s 
#original chain with index 51: [53, 125, 138, 141, 107, 19, 118, 105, 109, 45] 
#trying: [45, 19, 118, 109, 107, 138, 105, 141, 125, 53]
0	Timeout 
#trying: [109, 45, 105, 118, 125, 19, 138, 53, 141, 107]
1	1       818399436
#trying: [19, 53, 118, 107, 105, 45, 138, 109, 125, 141]
2	Timeout 
#trying: [109, 141, 138, 107, 125, 45, 105, 19, 118, 53]
3	1       7578709558
#trying: [105, 141, 107, 45, 125, 109, 118, 53, 19, 138]
4	1       3593010431
#trying: [118, 19, 53, 105, 45, 107, 125, 138, 141, 109]
5	Timeout 
#trying: [53, 125, 105, 109, 107, 118, 138, 141, 19, 45]
6	Timeout 
#trying: [19, 141, 53, 109, 107, 125, 45, 105, 118, 138]
7	1       2443819913
#trying: [45, 118, 141, 138, 53, 125, 19, 105, 107, 109]
8	Timeout 
#trying: [138, 19, 105, 45, 125, 53, 107, 118, 109, 141]
9	Timeout 
#trying: [125, 53, 138, 45, 141, 19, 105, 118, 107, 109]
10	Timeout 
#trying: [53, 105, 138, 19, 118, 45, 107, 125, 109, 141]
11	1       7236151488
#trying: [45, 125, 19, 105, 138, 141, 53, 107, 109, 118]
12	Timeout 
#trying: [118, 105, 107, 138, 45, 19, 125, 141, 109, 53]
13	Timeout 
#trying: [19, 105, 53, 125, 107, 109, 45, 138, 118, 141]
14	1       3953513912
#trying: [107, 118, 109, 138, 53, 105, 45, 19, 141, 125]
15	Timeout 
#trying: [141, 45, 19, 118, 138, 105, 109, 53, 125, 107]
16	Timeout 
#trying: [138, 19, 141, 118, 107, 125, 45, 109, 105, 53]
17	Timeout 
#trying: [109, 118, 107, 138, 45, 53, 125, 141, 19, 105]
18	1       8824913507
#trying: [109, 125, 53, 107, 19, 118, 138, 105, 45, 141]
19	1       5157489316
#trying: [141, 45, 19, 53, 105, 107, 138, 125, 109, 118]
20	1       7409725530
#trying: [45, 109, 105, 53, 107, 125, 118, 141, 138, 19]
21	1       793784198
#trying: [141, 125, 118, 105, 19, 109, 107, 53, 45, 138]
22	Timeout 
#trying: [107, 141, 53, 138, 19, 125, 45, 118, 109, 105]
23	Timeout 
#trying: [53, 19, 138, 125, 107, 105, 141, 118, 45, 109]
24	Timeout 
#trying: [105, 141, 107, 19, 45, 118, 53, 125, 109, 138]
25	1       2809453344
#trying: [138, 105, 109, 118, 141, 107, 19, 53, 125, 45]
26	Timeout 
#trying: [107, 45, 19, 141, 125, 118, 105, 109, 138, 53]
27	Timeout 
#trying: [138, 107, 53, 109, 118, 105, 125, 45, 141, 19]
28	Timeout 
#trying: [107, 45, 105, 118, 141, 138, 53, 19, 109, 125]
29	Timeout 
#trying: [118, 107, 45, 141, 19, 105, 53, 109, 125, 138]
30	Timeout 
#trying: [53, 107, 45, 125, 19, 138, 109, 141, 118, 105]
31	Timeout 
#trying: [19, 53, 105, 138, 141, 118, 125, 109, 45, 107]
32	1       6031345345
#trying: [19, 118, 125, 109, 107, 53, 45, 138, 141, 105]
33	Timeout 
#trying: [141, 138, 118, 105, 107, 125, 45, 109, 19, 53]
34	Timeout 
#trying: [45, 109, 125, 141, 105, 118, 138, 53, 19, 107]
35	1       1731696705
#trying: [45, 107, 19, 109, 105, 118, 125, 53, 141, 138]
36	Timeout 
#trying: [109, 118, 53, 125, 105, 141, 19, 138, 107, 45]
37	1       3988777953
#trying: [45, 53, 141, 138, 125, 109, 107, 118, 105, 19]
38	Timeout 
#trying: [45, 125, 118, 138, 141, 109, 105, 53, 107, 19]
39	