#PROBLEM: factor7 & longest chain length: 6 & average chain length: 2.2609 & median chain length: 2 & varNum: 12 & clauseNum: 36 & chains: 23 & timeout: 20s 
#original chain with index 32: [48, 20, 50, 51, 43, 14] 
#trying: [14, 20, 43, 48, 50, 51]
0	1       42665562
#trying: [14, 20, 43, 48, 51, 50]
1	1       36678287
#trying: [14, 20, 43, 50, 48, 51]
2	1       36661695
#trying: [14, 20, 43, 50, 51, 48]
3	1       46524498
#trying: [14, 20, 43, 51, 48, 50]
4	1       37377537
#trying: [14, 20, 43, 51, 50, 48]
5	1       36294338
#trying: [14, 20, 48, 43, 50, 51]
6	1       36130853
#trying: [14, 20, 48, 43, 51, 50]
7	1       37411769
#trying: [14, 20, 48, 50, 43, 51]
8	1       37779866
#trying: [14, 20, 48, 50, 51, 43]
9	1       39971875
#trying: [14, 20, 48, 51, 43, 50]
10	1       36775185
#trying: [14, 20, 48, 51, 50, 43]
11	1       40147952
#trying: [14, 20, 50, 43, 48, 51]
12	1       37509522
#trying: [14, 20, 50, 43, 51, 48]
13	1       35110174
#trying: [14, 20, 50, 48, 43, 51]
14	1       35720892
#trying: [14, 20, 50, 48, 51, 43]
15	1       42644815
#trying: [14, 20, 50, 51, 43, 48]
16	1       42199093
#trying: [14, 20, 50, 51, 48, 43]
17	1       37773342
#trying: [14, 20, 51, 43, 48, 50]
18	1       38285735
#trying: [14, 20, 51, 43, 50, 48]
19	1       38047336
#trying: [14, 20, 51, 48, 43, 50]
20	1       42166818
#trying: [14, 20, 51, 48, 50, 43]
21	1       37728423
#trying: [14, 20, 51, 50, 43, 48]
22	1       42157126
#trying: [14, 20, 51, 50, 48, 43]
23	1       37618183
#trying: [14, 43, 20, 48, 50, 51]
24	1       40728264
#trying: [14, 43, 20, 48, 51, 50]
25	1       35486698
#trying: [14, 43, 20, 50, 48, 51]
26	1       34662221
#trying: [14, 43, 20, 50, 51, 48]
27	1       37147737
#trying: [14, 43, 20, 51, 48, 50]
28	1       40028987
#trying: [14, 43, 20, 51, 50, 48]
29	1       34641605
#trying: [14, 43, 48, 20, 50, 51]
30	1       34059546
#trying: [14, 43, 48, 20, 51, 50]
31	1       37396374
#trying: [14, 43, 48, 50, 20, 51]
32	1       39475918
#trying: [14, 43, 48, 50, 51, 20]
33	1       34648716
#trying: [14, 43, 48, 51, 20, 50]
34	1       40085000
#trying: [14, 43, 48, 51, 50, 20]
35	1       37768315
#trying: [14, 43, 50, 20, 48, 51]
36	1       39006020
#trying: [14, 43, 50, 20, 51, 48]
37	1       38690318
#trying: [14, 43, 50, 48, 20, 51]
38	1       35206456
#trying: [14, 43, 50, 48, 51, 20]
39	1       36015182
#trying: [14, 43, 50, 51, 20, 48]
40	1       37310504
#trying: [14, 43, 50, 51, 48, 20]
41	1       34697489
#trying: [14, 43, 51, 20, 48, 50]
42	1       38331748
#trying: [14, 43, 51, 20, 50, 48]
43	1       39904510
#trying: [14, 43, 51, 48, 20, 50]
44	1       38340831
#trying: [14, 43, 51, 48, 50, 20]
45	1       36826539
#trying: [14, 43, 51, 50, 20, 48]
46	1       38225530
#trying: [14, 43, 51, 50, 48, 20]
47	1       46059966
#trying: [14, 48, 20, 43, 50, 51]
48	1       40648885
#trying: [14, 48, 20, 43, 51, 50]
49	1       38593215
#trying: [14, 48, 20, 50, 43, 51]
50	1       43177111
#trying: [14, 48, 20, 50, 51, 43]
51	1       41975866
#trying: [14, 48, 20, 51, 43, 50]
52	1       42846034
#trying: [14, 48, 20, 51, 50, 43]
53	1       37628380
#trying: [14, 48, 43, 20, 50, 51]
54	1       37803141
#trying: [14, 48, 43, 20, 51, 50]
55	1       39908991
#trying: [14, 48, 43, 50, 20, 51]
56	1       36228602
#trying: [14, 48, 43, 50, 51, 20]
57	1       37595278
#trying: [14, 48, 43, 51, 20, 50]
58	1       38623894
#trying: [14, 48, 43, 51, 50, 20]
59	1       42587420
#trying: [14, 48, 50, 20, 43, 51]
60	1       36708952
#trying: [14, 48, 50, 20, 51, 43]
61	1       41031679
#trying: [14, 48, 50, 43, 20, 51]
62	1       39122218
#trying: [14, 48, 50, 43, 51, 20]
63	1       38333270
#trying: [14, 48, 50, 51, 20, 43]
64	1       45671198
#trying: [14, 48, 50, 51, 43, 20]
65	1       43638428
#trying: [14, 48, 51, 20, 43, 50]
66	1       37002222
#trying: [14, 48, 51, 20, 50, 43]
67	1       39955726
#trying: [14, 48, 51, 43, 20, 50]
68	1       36994176
#trying: [14, 48, 51, 43, 50, 20]
69	1       42533533
#trying: [14, 48, 51, 50, 20, 43]
70	1       39513081
#trying: [14, 48, 51, 50, 43, 20]
71	1       37382762
#trying: [14, 50, 20, 43, 48, 51]
72	1       35738153
#trying: [14, 50, 20, 43, 51, 48]
73	1       35157911
#trying: [14, 50, 20, 48, 43, 51]
74	1       35326352
#trying: [14, 50, 20, 48, 51, 43]
75	1       38172420
#trying: [14, 50, 20, 51, 43, 48]
76	1       48260289
#trying: [14, 50, 20, 51, 48, 43]
77	1       38937575
#trying: [14, 50, 43, 20, 48, 51]
78	1       38945560
#trying: [14, 50, 43, 20, 51, 48]
79	1       39100407
#trying: [14, 50, 43, 48, 20, 51]
80	1       40172422
#trying: [14, 50, 43, 48, 51, 20]
81	1       37434585
#trying: [14, 50, 43, 51, 20, 48]
82	1       37947977
#trying: [14, 50, 43, 51, 48, 20]
83	1       37131812
#trying: [14, 50, 48, 20, 43, 51]
84	1       36768896
#trying: [14, 50, 48, 20, 51, 43]
85	1       38977344
#trying: [14, 50, 48, 43, 20, 51]
86	1       41682635
#trying: [14, 50, 48, 43, 51, 20]
87	1       45770824
#trying: [14, 50, 48, 51, 20, 43]
88	1       41356167
#trying: [14, 50, 48, 51, 43, 20]
89	1       44714139
#trying: [14, 50, 51, 20, 43, 48]
90	1       39893021
#trying: [14, 50, 51, 20, 48, 43]
91	1       43015875
#trying: [14, 50, 51, 43, 20, 48]
92	1       48085424
#trying: [14, 50, 51, 43, 48, 20]
93	1       42683922
#trying: [14, 50, 51, 48, 20, 43]
94	1       38832410
#trying: [14, 50, 51, 48, 43, 20]
95	1       39354257
#trying: [14, 51, 20, 43, 48, 50]
96	1       42359560
#trying: [14, 51, 20, 43, 50, 48]
97	1       37089345
#trying: [14, 51, 20, 48, 43, 50]
98	1       38765438
#trying: [14, 51, 20, 48, 50, 43]
99	1       44579229
#trying: [14, 51, 20, 50, 43, 48]
100	1       37032184
#trying: [14, 51, 20, 50, 48, 43]
101	1       41605122
#trying: [14, 51, 43, 20, 48, 50]
102	1       37888687
#trying: [14, 51, 43, 20, 50, 48]
103	1       41325313
#trying: [14, 51, 43, 48, 20, 50]
104	1       41168406
#trying: [14, 51, 43, 48, 50, 20]
105	1       39412091
#trying: [14, 51, 43, 50, 20, 48]
106	1       41551252
#trying: [14, 51, 43, 50, 48, 20]
107	1       38353969
#trying: [14, 51, 48, 20, 43, 50]
108	1       37770835
#trying: [14, 51, 48, 20, 50, 43]
109	1       37315314
#trying: [14, 51, 48, 43, 20, 50]
110	1       38393600
#trying: [14, 51, 48, 43, 50, 20]
111	1       37070910
#trying: [14, 51, 48, 50, 20, 43]
112	1       42364586
#trying: [14, 51, 48, 50, 43, 20]
113	1       42545905
#trying: [14, 51, 50, 20, 43, 48]
114	1       36828118
#trying: [14, 51, 50, 20, 48, 43]
115	1       37689547
#trying: [14, 51, 50, 43, 20, 48]
116	1       41264927
#trying: [14, 51, 50, 43, 48, 20]
117	1       43174661
#trying: [14, 51, 50, 48, 20, 43]
118	1       37119747
#trying: [14, 51, 50, 48, 43, 20]
119	1       46184297
#trying: [20, 14, 43, 48, 50, 51]
120	1       35592270
#trying: [20, 14, 43, 48, 51, 50]
121	1       40705549
#trying: [20, 14, 43, 50, 48, 51]
122	1       39986274
#trying: [20, 14, 43, 50, 51, 48]
123	1       35073239
#trying: [20, 14, 43, 51, 48, 50]
124	1       35470962
#trying: [20, 14, 43, 51, 50, 48]
125	1       36051441
#trying: [20, 14, 48, 43, 50, 51]
126	1       37498498
#trying: [20, 14, 48, 43, 51, 50]
127	1       34524706
#trying: [20, 14, 48, 50, 43, 51]
128	1       37032973
#trying: [20, 14, 48, 50, 51, 43]
129	1       38647910
#trying: [20, 14, 48, 51, 43, 50]
130	1       37359974
#trying: [20, 14, 48, 51, 50, 43]
131	1       37765584
#trying: [20, 14, 50, 43, 48, 51]
132	1       36058293
#trying: [20, 14, 50, 43, 51, 48]
133	1       35175586
#trying: [20, 14, 50, 48, 43, 51]
134	1       34559612
#trying: [20, 14, 50, 48, 51, 43]
135	1       37072578
#trying: [20, 14, 50, 51, 43, 48]
136	1       46406156
#trying: [20, 14, 50, 51, 48, 43]
137	1       38064847
#trying: [20, 14, 51, 43, 48, 50]
138	1       38540720
#trying: [20, 14, 51, 43, 50, 48]
139	1       37335303
#trying: [20, 14, 51, 48, 43, 50]
140	1       37442648
#trying: [20, 14, 51, 48, 50, 43]
141	1       40000422
#trying: [20, 14, 51, 50, 43, 48]
142	1       36816183
#trying: [20, 14, 51, 50, 48, 43]
143	1       37327323
#trying: [20, 43, 14, 48, 50, 51]
144	1       34604494
#trying: [20, 43, 14, 48, 51, 50]
145	1       35718746
#trying: [20, 43, 14, 50, 48, 51]
146	1       34048711
#trying: [20, 43, 14, 50, 51, 48]
147	1       35402745
#trying: [20, 43, 14, 51, 48, 50]
148	1       33738573
#trying: [20, 43, 14, 51, 50, 48]
149	1       34444254
#trying: [20, 43, 48, 14, 50, 51]
150	1       34615387
#trying: [20, 43, 48, 14, 51, 50]
151	1       34268624
#trying: [20, 43, 48, 50, 14, 51]
152	1       36158278
#trying: [20, 43, 48, 50, 51, 14]
153	1       34735743
#trying: [20, 43, 48, 51, 14, 50]
154	1       37055275
#trying: [20, 43, 48, 51, 50, 14]
155	1       34635065
#trying: [20, 43, 50, 14, 48, 51]
156	1       35266276
#trying: [20, 43, 50, 14, 51, 48]
157	1       34701750
#trying: [20, 43, 50, 48, 14, 51]
158	1       33922135
#trying: [20, 43, 50, 48, 51, 14]
159	1       34135263
#trying: [20, 43, 50, 51, 14, 48]
160	1       33624204
#trying: [20, 43, 50, 51, 48, 14]
161	1       35088125
#trying: [20, 43, 51, 14, 48, 50]
162	1       33478893
#trying: [20, 43, 51, 14, 50, 48]
163	1       34028962
#trying: [20, 43, 51, 48, 14, 50]
164	1       34978903
#trying: [20, 43, 51, 48, 50, 14]
165	1       34190088
#trying: [20, 43, 51, 50, 14, 48]
166	1       34919273
#trying: [20, 43, 51, 50, 48, 14]
167	1       37625378
#trying: [20, 48, 14, 43, 50, 51]
168	1       39409334
#trying: [20, 48, 14, 43, 51, 50]
169	1       40393959
#trying: [20, 48, 14, 50, 43, 51]
170	1       36590577
#trying: [20, 48, 14, 50, 51, 43]
171	1       41346397
#trying: [20, 48, 14, 51, 43, 50]
172	1       41935571
#trying: [20, 48, 14, 51, 50, 43]
173	1       39238257
#trying: [20, 48, 43, 14, 50, 51]
174	1       33700906
#trying: [20, 48, 43, 14, 51, 50]
175	1       34345642
#trying: [20, 48, 43, 50, 14, 51]
176	1       35098630
#trying: [20, 48, 43, 50, 51, 14]
177	1       34629727
#trying: [20, 48, 43, 51, 14, 50]
178	1       37258290
#trying: [20, 48, 43, 51, 50, 14]
179	1       35355864
#trying: [20, 48, 50, 14, 43, 51]
180	1       36126101
#trying: [20, 48, 50, 14, 51, 43]
181	1       41177750
#trying: [20, 48, 50, 43, 14, 51]
182	1       34578885
#trying: [20, 48, 50, 43, 51, 14]
183	1       38112966
#trying: [20, 48, 50, 51, 14, 43]
184	1       38953181
#trying: [20, 48, 50, 51, 43, 14]
185	1       37523646
#trying: [20, 48, 51, 14, 43, 50]
186	1       37933737
#trying: [20, 48, 51, 14, 50, 43]
187	1       38173949
#trying: [20, 48, 51, 43, 14, 50]
188	1       39011889
#trying: [20, 48, 51, 43, 50, 14]
189	1       34984951
#trying: [20, 48, 51, 50, 14, 43]
190	1       36988810
#trying: [20, 48, 51, 50, 43, 14]
191	1       35772010
#trying: [20, 50, 14, 43, 48, 51]
192	1       34863253
#trying: [20, 50, 14, 43, 51, 48]
193	1       35765399
#trying: [20, 50, 14, 48, 43, 51]
194	1       43568437
#trying: [20, 50, 14, 48, 51, 43]
195	1       38117744
#trying: [20, 50, 14, 51, 43, 48]
196	1       45593625
#trying: [20, 50, 14, 51, 48, 43]
197	1       40427365
#trying: [20, 50, 43, 14, 48, 51]
198	1       40618465
#trying: [20, 50, 43, 14, 51, 48]
199	1       41610720
#trying: [20, 50, 43, 48, 14, 51]
200	1       36177167
#trying: [20, 50, 43, 48, 51, 14]
201	1       40038560
#trying: [20, 50, 43, 51, 14, 48]
202	1       34257456
#trying: [20, 50, 43, 51, 48, 14]
203	1       34144183
#trying: [20, 50, 48, 14, 43, 51]
204	1       44786205
#trying: [20, 50, 48, 14, 51, 43]
205	1       42191817
#trying: [20, 50, 48, 43, 14, 51]
206	1       35681326
#trying: [20, 50, 48, 43, 51, 14]
207	1       35341661
#trying: [20, 50, 48, 51, 14, 43]
208	1       38432707
#trying: [20, 50, 48, 51, 43, 14]
209	1       40876530
#trying: [20, 50, 51, 14, 43, 48]
210	1       36627519
#trying: [20, 50, 51, 14, 48, 43]
211	1       39676890
#trying: [20, 50, 51, 43, 14, 48]
212	1       36305436
#trying: [20, 50, 51, 43, 48, 14]
213	1       36579158
#trying: [20, 50, 51, 48, 14, 43]
214	1       38506507
#trying: [20, 50, 51, 48, 43, 14]
215	1       37056685
#trying: [20, 51, 14, 43, 48, 50]
216	1       37211288
#trying: [20, 51, 14, 43, 50, 48]
217	1       37165220
#trying: [20, 51, 14, 48, 43, 50]
218	1       38925211
#trying: [20, 51, 14, 48, 50, 43]
219	1       42473447
#trying: [20, 51, 14, 50, 43, 48]
220	1       41176045
#trying: [20, 51, 14, 50, 48, 43]
221	1       37628718
#trying: [20, 51, 43, 14, 48, 50]
222	1       35914824
#trying: [20, 51, 43, 14, 50, 48]
223	1       37468837
#trying: [20, 51, 43, 48, 14, 50]
224	1       38562779
#trying: [20, 51, 43, 48, 50, 14]
225	1       36732359
#trying: [20, 51, 43, 50, 14, 48]
226	1       43278745
#trying: [20, 51, 43, 50, 48, 14]
227	1       35209514
#trying: [20, 51, 48, 14, 43, 50]
228	1       39855968
#trying: [20, 51, 48, 14, 50, 43]
229	1       39531487
#trying: [20, 51, 48, 43, 14, 50]
230	1       42652178
#trying: [20, 51, 48, 43, 50, 14]
231	1       38129100
#trying: [20, 51, 48, 50, 14, 43]
232	1       43191503
#trying: [20, 51, 48, 50, 43, 14]
233	1       36686204
#trying: [20, 51, 50, 14, 43, 48]
234	1       38196076
#trying: [20, 51, 50, 14, 48, 43]
235	1       42230851
#trying: [20, 51, 50, 43, 14, 48]
236	1       36064804
#trying: [20, 51, 50, 43, 48, 14]
237	1       37683265
#trying: [20, 51, 50, 48, 14, 43]
238	1       40978897
#trying: [20, 51, 50, 48, 43, 14]
239	1       37708282
#trying: [43, 14, 20, 48, 50, 51]
240	1       38208137
#trying: [43, 14, 20, 48, 51, 50]
241	1       38061443
#trying: [43, 14, 20, 50, 48, 51]
242	1       35134407
#trying: [43, 14, 20, 50, 51, 48]
243	1       38397278
#trying: [43, 14, 20, 51, 48, 50]
244	1       38961734
#trying: [43, 14, 20, 51, 50, 48]
245	1       42394779
#trying: [43, 14, 48, 20, 50, 51]
246	1       34734707
#trying: [43, 14, 48, 20, 51, 50]
247	1       42397466
#trying: [43, 14, 48, 50, 20, 51]
248	1       35860189
#trying: [43, 14, 48, 50, 51, 20]
249	1       35780305
#trying: [43, 14, 48, 51, 20, 50]
250	1       45327817
#trying: [43, 14, 48, 51, 50, 20]
251	1       34848348
#trying: [43, 14, 50, 20, 48, 51]
252	1       37526691
#trying: [43, 14, 50, 20, 51, 48]
253	1       40225805
#trying: [43, 14, 50, 48, 20, 51]
254	1       36264188
#trying: [43, 14, 50, 48, 51, 20]
255	1       35522979
#trying: [43, 14, 50, 51, 20, 48]
256	1       37354423
#trying: [43, 14, 50, 51, 48, 20]
257	1       37382023
#trying: [43, 14, 51, 20, 48, 50]
258	1       36754734
#trying: [43, 14, 51, 20, 50, 48]
259	1       42709784
#trying: [43, 14, 51, 48, 20, 50]
260	1       34237152
#trying: [43, 14, 51, 48, 50, 20]
261	1       36958626
#trying: [43, 14, 51, 50, 20, 48]
262	1       33569182
#trying: [43, 14, 51, 50, 48, 20]
263	1       41900392
#trying: [43, 20, 14, 48, 50, 51]
264	1       37940848
#trying: [43, 20, 14, 48, 51, 50]
265	1       41643111
#trying: [43, 20, 14, 50, 48, 51]
266	1       50311287
#trying: [43, 20, 14, 50, 51, 48]
267	1       52590659
#trying: [43, 20, 14, 51, 48, 50]
268	1       35993631
#trying: [43, 20, 14, 51, 50, 48]
269	1       35453260
#trying: [43, 20, 48, 14, 50, 51]
270	1       36309741
#trying: [43, 20, 48, 14, 51, 50]
271	1       46377377
#trying: [43, 20, 48, 50, 14, 51]
272	1       44953111
#trying: [43, 20, 48, 50, 51, 14]
273	1       58276954
#trying: [43, 20, 48, 51, 14, 50]
274	1       40222607
#trying: [43, 20, 48, 51, 50, 14]
275	1       44837771
#trying: [43, 20, 50, 14, 48, 51]
276	1       46746692
#trying: [43, 20, 50, 14, 51, 48]
277	1       41690458
#trying: [43, 20, 50, 48, 14, 51]
278	1       41686892
#trying: [43, 20, 50, 48, 51, 14]
279	1       55047574
#trying: [43, 20, 50, 51, 14, 48]
280	1       48588722
#trying: [43, 20, 50, 51, 48, 14]
281	1       48207017
#trying: [43, 20, 51, 14, 48, 50]
282	1       43218419
#trying: [43, 20, 51, 14, 50, 48]
283	1       49004127
#trying: [43, 20, 51, 48, 14, 50]
284	1       51186829
#trying: [43, 20, 51, 48, 50, 14]
285	1       43203644
#trying: [43, 20, 51, 50, 14, 48]
286	1       42208072
#trying: [43, 20, 51, 50, 48, 14]
287	1       45764500
#trying: [43, 48, 14, 20, 50, 51]
288	1       43182894
#trying: [43, 48, 14, 20, 51, 50]
289	1       43740765
#trying: [43, 48, 14, 50, 20, 51]
290	1       50289269
#trying: [43, 48, 14, 50, 51, 20]
291	1       45848432
#trying: [43, 48, 14, 51, 20, 50]
292	1       53344194
#trying: [43, 48, 14, 51, 50, 20]
293	1       46959128
#trying: [43, 48, 20, 14, 50, 51]
294	1       44519325
#trying: [43, 48, 20, 14, 51, 50]
295	1       41068148
#trying: [43, 48, 20, 50, 14, 51]
296	1       41905647
#trying: [43, 48, 20, 50, 51, 14]
297	1       43619992
#trying: [43, 48, 20, 51, 14, 50]
298	1       39396751
#trying: [43, 48, 20, 51, 50, 14]
299	1       42236951
#trying: [43, 48, 50, 14, 20, 51]
300	1       48844867
#trying: [43, 48, 50, 14, 51, 20]
301	1       38674869
#trying: [43, 48, 50, 20, 14, 51]
302	1       40839660
#trying: [43, 48, 50, 20, 51, 14]
303	1       39381540
#trying: [43, 48, 50, 51, 14, 20]
304	1       44763965
#trying: [43, 48, 50, 51, 20, 14]
305	1       46478062
#trying: [43, 48, 51, 14, 20, 50]
306	1       49252653
#trying: [43, 48, 51, 14, 50, 20]
307	1       61116761
#trying: [43, 48, 51, 20, 14, 50]
308	1       51380505
#trying: [43, 48, 51, 20, 50, 14]
309	1       49465385
#trying: [43, 48, 51, 50, 14, 20]
310	1       44839869
#trying: [43, 48, 51, 50, 20, 14]
311	1       38799004
#trying: [43, 50, 14, 20, 48, 51]
312	1       42743823
#trying: [43, 50, 14, 20, 51, 48]
313	1       43111474
#trying: [43, 50, 14, 48, 20, 51]
314	1       43135857
#trying: [43, 50, 14, 48, 51, 20]
315	1       52137247
#trying: [43, 50, 14, 51, 20, 48]
316	1       42588376
#trying: [43, 50, 14, 51, 48, 20]
317	1       42483863
#trying: [43, 50, 20, 14, 48, 51]
318	1       44119314
#trying: [43, 50, 20, 14, 51, 48]
319	1       37299133
#trying: [43, 50, 20, 48, 14, 51]
320	1       37991853
#trying: [43, 50, 20, 48, 51, 14]
321	1       39790514
#trying: [43, 50, 20, 51, 14, 48]
322	1       43560317
#trying: [43, 50, 20, 51, 48, 14]
323	1       46450034
#trying: [43, 50, 48, 14, 20, 51]
324	1       39706015
#trying: [43, 50, 48, 14, 51, 20]
325	1       43970498
#trying: [43, 50, 48, 20, 14, 51]
326	1       48293139
#trying: [43, 50, 48, 20, 51, 14]
327	1       50001108
#trying: [43, 50, 48, 51, 14, 20]
328	1       55041837
#trying: [43, 50, 48, 51, 20, 14]
329	1       45677816
#trying: [43, 50, 51, 14, 20, 48]
330	1       44417663
#trying: [43, 50, 51, 14, 48, 20]
331	1       38454074
#trying: [43, 50, 51, 20, 14, 48]
332	1       37947036
#trying: [43, 50, 51, 20, 48, 14]
333	1       45699336
#trying: [43, 50, 51, 48, 14, 20]
334	1       39118584
#trying: [43, 50, 51, 48, 20, 14]
335	1       43860338
#trying: [43, 51, 14, 20, 48, 50]
336	1       37982692
#trying: [43, 51, 14, 20, 50, 48]
337	1       36656934
#trying: [43, 51, 14, 48, 20, 50]
338	1       37605037
#trying: [43, 51, 14, 48, 50, 20]
339	1       43138723
#trying: [43, 51, 14, 50, 20, 48]
340	1       34752951
#trying: [43, 51, 14, 50, 48, 20]
341	1       37204541
#trying: [43, 51, 20, 14, 48, 50]
342	1       46190567
#trying: [43, 51, 20, 14, 50, 48]
343	1       38340162
#trying: [43, 51, 20, 48, 14, 50]
344	1       47417238
#trying: [43, 51, 20, 48, 50, 14]
345	1       47084377
#trying: [43, 51, 20, 50, 14, 48]
346	1       39947558
#trying: [43, 51, 20, 50, 48, 14]
347	1       42734535
#trying: [43, 51, 48, 14, 20, 50]
348	1       49520982
#trying: [43, 51, 48, 14, 50, 20]
349	1       56413696
#trying: [43, 51, 48, 20, 14, 50]
350	1       38471010
#trying: [43, 51, 48, 20, 50, 14]
351	1       36023443
#trying: [43, 51, 48, 50, 14, 20]
352	1       36812164
#trying: [43, 51, 48, 50, 20, 14]
353	1       38945987
#trying: [43, 51, 50, 14, 20, 48]
354	1       34215193
#trying: [43, 51, 50, 14, 48, 20]
355	1       34155268
#trying: [43, 51, 50, 20, 14, 48]
356	1       43920084
#trying: [43, 51, 50, 20, 48, 14]
357	1       40520277
#trying: [43, 51, 50, 48, 14, 20]
358	1       35800326
#trying: [43, 51, 50, 48, 20, 14]
359	1       37602493
#trying: [48, 14, 20, 43, 50, 51]
360	1       36733060
#trying: [48, 14, 20, 43, 51, 50]
361	1       36523992
#trying: [48, 14, 20, 50, 43, 51]
362	1       38515006
#trying: [48, 14, 20, 50, 51, 43]
363	1       42435272
#trying: [48, 14, 20, 51, 43, 50]
364	1       40534974
#trying: [48, 14, 20, 51, 50, 43]
365	1       42783827
#trying: [48, 14, 43, 20, 50, 51]
366	1       44333300
#trying: [48, 14, 43, 20, 51, 50]
367	1       37592673
#trying: [48, 14, 43, 50, 20, 51]
368	1       40110462
#trying: [48, 14, 43, 50, 51, 20]
369	1       45454101
#trying: [48, 14, 43, 51, 20, 50]
370	1       37049965
#trying: [48, 14, 43, 51, 50, 20]
371	1       43143741
#trying: [48, 14, 50, 20, 43, 51]
372	1       36086660
#trying: [48, 14, 50, 20, 51, 43]
373	1       38523588
#trying: [48, 14, 50, 43, 20, 51]
374	1       35917129
#trying: [48, 14, 50, 43, 51, 20]
375	1       37574749
#trying: [48, 14, 50, 51, 20, 43]
376	1       42534626
#trying: [48, 14, 50, 51, 43, 20]
377	1       38712546
#trying: [48, 14, 51, 20, 43, 50]
378	1       42913785
#trying: [48, 14, 51, 20, 50, 43]
379	1       42573268
#trying: [48, 14, 51, 43, 20, 50]
380	1       44253857
#trying: [48, 14, 51, 43, 50, 20]
381	1       49175556
#trying: [48, 14, 51, 50, 20, 43]
382	1       48364885
#trying: [48, 14, 51, 50, 43, 20]
383	1       54991400
#trying: [48, 20, 14, 43, 50, 51]
384	1       41404962
#trying: [48, 20, 14, 43, 51, 50]
385	1       44597162
#trying: [48, 20, 14, 50, 43, 51]
386	1       41975949
#trying: [48, 20, 14, 50, 51, 43]
387	1       43689916
#trying: [48, 20, 14, 51, 43, 50]
388	1       40343195
#trying: [48, 20, 14, 51, 50, 43]
389	1       39078286
#trying: [48, 20, 43, 14, 50, 51]
390	1       35205176
#trying: [48, 20, 43, 14, 51, 50]
391	1       33872049
#trying: [48, 20, 43, 50, 14, 51]
392	1       37670529
#trying: [48, 20, 43, 50, 51, 14]
393	1       37615087
#trying: [48, 20, 43, 51, 14, 50]
394	1       34886326
#trying: [48, 20, 43, 51, 50, 14]
395	1       34410881
#trying: [48, 20, 50, 14, 43, 51]
396	1       35919822
#trying: [48, 20, 50, 14, 51, 43]
397	1       38599693
#trying: [48, 20, 50, 43, 14, 51]
398	1       35463618
#trying: [48, 20, 50, 43, 51, 14]
399	1       35212739
#trying: [48, 20, 50, 51, 14, 43]
400	1       41968871
#trying: [48, 20, 50, 51, 43, 14]
401	1       36325254
#trying: [48, 20, 51, 14, 43, 50]
402	1       39733934
#trying: [48, 20, 51, 14, 50, 43]
403	1       41776244
#trying: [48, 20, 51, 43, 14, 50]
404	1       36824776
#trying: [48, 20, 51, 43, 50, 14]
405	1       35926670
#trying: [48, 20, 51, 50, 14, 43]
406	1       37828641
#trying: [48, 20, 51, 50, 43, 14]
407	1       39493430
#trying: [48, 43, 14, 20, 50, 51]
408	1       35657371
#trying: [48, 43, 14, 20, 51, 50]
409	1       33840094
#trying: [48, 43, 14, 50, 20, 51]
410	1       34703043
#trying: [48, 43, 14, 50, 51, 20]
411	1       35296582
#trying: [48, 43, 14, 51, 20, 50]
412	1       35762740
#trying: [48, 43, 14, 51, 50, 20]
413	1       34218398
#trying: [48, 43, 20, 14, 50, 51]
414	1       39504280
#trying: [48, 43, 20, 14, 51, 50]
415	1       37217571
#trying: [48, 43, 20, 50, 14, 51]
416	1       35424810
#trying: [48, 43, 20, 50, 51, 14]
417	1       34800355
#trying: [48, 43, 20, 51, 14, 50]
418	1       36812044
#trying: [48, 43, 20, 51, 50, 14]
419	1       39563277
#trying: [48, 43, 50, 14, 20, 51]
420	1       36474687
#trying: [48, 43, 50, 14, 51, 20]
421	1       34944436
#trying: [48, 43, 50, 20, 14, 51]
422	1       35632499
#trying: [48, 43, 50, 20, 51, 14]
423	1       36089968
#trying: [48, 43, 50, 51, 14, 20]
424	1       37168857
#trying: [48, 43, 50, 51, 20, 14]
425	1       41129814
#trying: [48, 43, 51, 14, 20, 50]
426	1       35602706
#trying: [48, 43, 51, 14, 50, 20]
427	1       34983984
#trying: [48, 43, 51, 20, 14, 50]
428	1       35202037
#trying: [48, 43, 51, 20, 50, 14]
429	1       34782381
#trying: [48, 43, 51, 50, 14, 20]
430	1       33714408
#trying: [48, 43, 51, 50, 20, 14]
431	1       36136158
#trying: [48, 50, 14, 20, 43, 51]
432	1       37098116
#trying: [48, 50, 14, 20, 51, 43]
433	1       40325986
#trying: [48, 50, 14, 43, 20, 51]
434	1       38521301
#trying: [48, 50, 14, 43, 51, 20]
435	1       37616428
#trying: [48, 50, 14, 51, 20, 43]
436	1       39970768
#trying: [48, 50, 14, 51, 43, 20]
437	1       40081545
#trying: [48, 50, 20, 14, 43, 51]
438	1       35938320
#trying: [48, 50, 20, 14, 51, 43]
439	1       39412719
#trying: [48, 50, 20, 43, 14, 51]
440	1       36166798
#trying: [48, 50, 20, 43, 51, 14]
441	1       34061920
#trying: [48, 50, 20, 51, 14, 43]
442	1       38759865
#trying: [48, 50, 20, 51, 43, 14]
443	1       38554326
#trying: [48, 50, 43, 14, 20, 51]
444	1       34388130
#trying: [48, 50, 43, 14, 51, 20]
445	1       35642990
#trying: [48, 50, 43, 20, 14, 51]
446	1       45846877
#trying: [48, 50, 43, 20, 51, 14]
447	1       36491250
#trying: [48, 50, 43, 51, 14, 20]
448	1       39742978
#trying: [48, 50, 43, 51, 20, 14]
449	1       35753606
#trying: [48, 50, 51, 14, 20, 43]
450	1       39442772
#trying: [48, 50, 51, 14, 43, 20]
451	1       39701720
#trying: [48, 50, 51, 20, 14, 43]
452	1       40280191
#trying: [48, 50, 51, 20, 43, 14]
453	1       36160641
#trying: [48, 50, 51, 43, 14, 20]
454	1       45685949
#trying: [48, 50, 51, 43, 20, 14]
455	1       40372042
#trying: [48, 51, 14, 20, 43, 50]
456	1       37524050
#trying: [48, 51, 14, 20, 50, 43]
457	1       40560817
#trying: [48, 51, 14, 43, 20, 50]
458	1       37822152
#trying: [48, 51, 14, 43, 50, 20]
459	1       38442854
#trying: [48, 51, 14, 50, 20, 43]
460	1       39667321
#trying: [48, 51, 14, 50, 43, 20]
461	1       38799391
#trying: [48, 51, 20, 14, 43, 50]
462	1       38831634
#trying: [48, 51, 20, 14, 50, 43]
463	1       39399919
#trying: [48, 51, 20, 43, 14, 50]
464	1       38461089
#trying: [48, 51, 20, 43, 50, 14]
465	1       38049280
#trying: [48, 51, 20, 50, 14, 43]
466	1       42893603
#trying: [48, 51, 20, 50, 43, 14]
467	1       37881480
#trying: [48, 51, 43, 14, 20, 50]
468	1       36807995
#trying: [48, 51, 43, 14, 50, 20]
469	1       37089383
#trying: [48, 51, 43, 20, 14, 50]
470	1       37973413
#trying: [48, 51, 43, 20, 50, 14]
471	1       42664433
#trying: [48, 51, 43, 50, 14, 20]
472	1       36877694
#trying: [48, 51, 43, 50, 20, 14]
473	1       39044414
#trying: [48, 51, 50, 14, 20, 43]
474	1       41709604
#trying: [48, 51, 50, 14, 43, 20]
475	1       39754176
#trying: [48, 51, 50, 20, 14, 43]
476	1       38358478
#trying: [48, 51, 50, 20, 43, 14]
477	1       37924433
#trying: [48, 51, 50, 43, 14, 20]
478	1       35389816
#trying: [48, 51, 50, 43, 20, 14]
479	1       37192382
#trying: [50, 14, 20, 43, 48, 51]
480	1       43673914
#trying: [50, 14, 20, 43, 51, 48]
481	1       44297685
#trying: [50, 14, 20, 48, 43, 51]
482	1       38312197
#trying: [50, 14, 20, 48, 51, 43]
483	1       40444453
#trying: [50, 14, 20, 51, 43, 48]
484	1       40039458
#trying: [50, 14, 20, 51, 48, 43]
485	1       39343353
#trying: [50, 14, 43, 20, 48, 51]
486	1       36648494
#trying: [50, 14, 43, 20, 51, 48]
487	1       36202171
#trying: [50, 14, 43, 48, 20, 51]
488	1       36193877
#trying: [50, 14, 43, 48, 51, 20]
489	1       37958919
#trying: [50, 14, 43, 51, 20, 48]
490	1       36782197
#trying: [50, 14, 43, 51, 48, 20]
491	1       49659761
#trying: [50, 14, 48, 20, 43, 51]
492	1       35556413
#trying: [50, 14, 48, 20, 51, 43]
493	1       39251116
#trying: [50, 14, 48, 43, 20, 51]
494	1       36944039
#trying: [50, 14, 48, 43, 51, 20]
495	1       35113120
#trying: [50, 14, 48, 51, 20, 43]
496	1       42578047
#trying: [50, 14, 48, 51, 43, 20]
497	1       38277767
#trying: [50, 14, 51, 20, 43, 48]
498	1       40062820
#trying: [50, 14, 51, 20, 48, 43]
499	1       40149876
#trying: [50, 14, 51, 43, 20, 48]
500	1       40577917
#trying: [50, 14, 51, 43, 48, 20]
501	1       38508071
#trying: [50, 14, 51, 48, 20, 43]
502	1       46849589
#trying: [50, 14, 51, 48, 43, 20]
503	1       39175828
#trying: [50, 20, 14, 43, 48, 51]
504	1       36931135
#trying: [50, 20, 14, 43, 51, 48]
505	1       38133322
#trying: [50, 20, 14, 48, 43, 51]
506	1       37443175
#trying: [50, 20, 14, 48, 51, 43]
507	1       36884093
#trying: [50, 20, 14, 51, 43, 48]
508	1       40730513
#trying: [50, 20, 14, 51, 48, 43]
509	1       38512692
#trying: [50, 20, 43, 14, 48, 51]
510	1       44756253
#trying: [50, 20, 43, 14, 51, 48]
511	1       34112481
#trying: [50, 20, 43, 48, 14, 51]
512	1       33074983
#trying: [50, 20, 43, 48, 51, 14]
513	1       44857806
#trying: [50, 20, 43, 51, 14, 48]
514	1       34454714
#trying: [50, 20, 43, 51, 48, 14]
515	1       40020167
#trying: [50, 20, 48, 14, 43, 51]
516	1       35033775
#trying: [50, 20, 48, 14, 51, 43]
517	1       40273558
#trying: [50, 20, 48, 43, 14, 51]
518	1       34575065
#trying: [50, 20, 48, 43, 51, 14]
519	1       33316702
#trying: [50, 20, 48, 51, 14, 43]
520	1       39785778
#trying: [50, 20, 48, 51, 43, 14]
521	1       41629320
#trying: [50, 20, 51, 14, 43, 48]
522	1       46069239
#trying: [50, 20, 51, 14, 48, 43]
523	1       40936434
#trying: [50, 20, 51, 43, 14, 48]
524	1       35255646
#trying: [50, 20, 51, 43, 48, 14]
525	1       35865196
#trying: [50, 20, 51, 48, 14, 43]
526	1       43482688
#trying: [50, 20, 51, 48, 43, 14]
527	1       37082193
#trying: [50, 43, 14, 20, 48, 51]
528	1       34131732
#trying: [50, 43, 14, 20, 51, 48]
529	1       34184091
#trying: [50, 43, 14, 48, 20, 51]
530	1       37492263
#trying: [50, 43, 14, 48, 51, 20]
531	1       36611445
#trying: [50, 43, 14, 51, 20, 48]
532	1       36083210
#trying: [50, 43, 14, 51, 48, 20]
533	1       42901793
#trying: [50, 43, 20, 14, 48, 51]
534	1       39126718
#trying: [50, 43, 20, 14, 51, 48]
535	1       34565373
#trying: [50, 43, 20, 48, 14, 51]
536	1       35949025
#trying: [50, 43, 20, 48, 51, 14]
537	1       41836838
#trying: [50, 43, 20, 51, 14, 48]
538	1       35016970
#trying: [50, 43, 20, 51, 48, 14]
539	1       33355909
#trying: [50, 43, 48, 14, 20, 51]
540	1       34460353
#trying: [50, 43, 48, 14, 51, 20]
541	1       34501512
#trying: [50, 43, 48, 20, 14, 51]
542	1       34371636
#trying: [50, 43, 48, 20, 51, 14]
543	1       33964871
#trying: [50, 43, 48, 51, 14, 20]
544	1       36800796
#trying: [50, 43, 48, 51, 20, 14]
545	1       34417281
#trying: [50, 43, 51, 14, 20, 48]
546	1       35980235
#trying: [50, 43, 51, 14, 48, 20]
547	1       39720035
#trying: [50, 43, 51, 20, 14, 48]
548	1       37713864
#trying: [50, 43, 51, 20, 48, 14]
549	1       47045432
#trying: [50, 43, 51, 48, 14, 20]
550	1       38716084
#trying: [50, 43, 51, 48, 20, 14]
551	1       44053243
#trying: [50, 48, 14, 20, 43, 51]
552	1       38191719
#trying: [50, 48, 14, 20, 51, 43]
553	1       41347520
#trying: [50, 48, 14, 43, 20, 51]
554	1       44060483
#trying: [50, 48, 14, 43, 51, 20]
555	1       38995262
#trying: [50, 48, 14, 51, 20, 43]
556	1       42600547
#trying: [50, 48, 14, 51, 43, 20]
557	1       40469293
#trying: [50, 48, 20, 14, 43, 51]
558	1       36849086
#trying: [50, 48, 20, 14, 51, 43]
559	1       37982944
#trying: [50, 48, 20, 43, 14, 51]
560	1       42344699
#trying: [50, 48, 20, 43, 51, 14]
561	1       39966994
#trying: [50, 48, 20, 51, 14, 43]
562	1       39884784
#trying: [50, 48, 20, 51, 43, 14]
563	1       42850704
#trying: [50, 48, 43, 14, 20, 51]
564	1       39356817
#trying: [50, 48, 43, 14, 51, 20]
565	1       38586989
#trying: [50, 48, 43, 20, 14, 51]
566	1       36548570
#trying: [50, 48, 43, 20, 51, 14]
567	1       39234802
#trying: [50, 48, 43, 51, 14, 20]
568	1       36167151
#trying: [50, 48, 43, 51, 20, 14]
569	1       34927343
#trying: [50, 48, 51, 14, 20, 43]
570	1       38883626
#trying: [50, 48, 51, 14, 43, 20]
571	1       38345093
#trying: [50, 48, 51, 20, 14, 43]
572	1       42566137
#trying: [50, 48, 51, 20, 43, 14]
573	1       38534777
#trying: [50, 48, 51, 43, 14, 20]
574	1       47539005
#trying: [50, 48, 51, 43, 20, 14]
575	1       36358375
#trying: [50, 51, 14, 20, 43, 48]
576	1       46061962
#trying: [50, 51, 14, 20, 48, 43]
577	1       42812146
#trying: [50, 51, 14, 43, 20, 48]
578	1       39434878
#trying: [50, 51, 14, 43, 48, 20]
579	1       52314866
#trying: [50, 51, 14, 48, 20, 43]
580	1       45804920
#trying: [50, 51, 14, 48, 43, 20]
581	1       38122824
#trying: [50, 51, 20, 14, 43, 48]
582	1       45622621
#trying: [50, 51, 20, 14, 48, 43]
583	1       40382298
#trying: [50, 51, 20, 43, 14, 48]
584	1       44221618
#trying: [50, 51, 20, 43, 48, 14]
585	1       37322745
#trying: [50, 51, 20, 48, 14, 43]
586	1       44796394
#trying: [50, 51, 20, 48, 43, 14]
587	1       36217932
#trying: [50, 51, 43, 14, 20, 48]
588	1       41561629
#trying: [50, 51, 43, 14, 48, 20]
589	1       37788049
#trying: [50, 51, 43, 20, 14, 48]
590	1       45284280
#trying: [50, 51, 43, 20, 48, 14]
591	1       37378088
#trying: [50, 51, 43, 48, 14, 20]
592	1       37514157
#trying: [50, 51, 43, 48, 20, 14]
593	1       39579782
#trying: [50, 51, 48, 14, 20, 43]
594	1       46459950
#trying: [50, 51, 48, 14, 43, 20]
595	1       38254281
#trying: [50, 51, 48, 20, 14, 43]
596	1       37749297
#trying: [50, 51, 48, 20, 43, 14]
597	1       36514541
#trying: [50, 51, 48, 43, 14, 20]
598	1       35846765
#trying: [50, 51, 48, 43, 20, 14]
599	1       35326510
#trying: [51, 14, 20, 43, 48, 50]
600	1       40125372
#trying: [51, 14, 20, 43, 50, 48]
601	1       46410220
#trying: [51, 14, 20, 48, 43, 50]
602	1       36452004
#trying: [51, 14, 20, 48, 50, 43]
603	1       43804684
#trying: [51, 14, 20, 50, 43, 48]
604	1       37087185
#trying: [51, 14, 20, 50, 48, 43]
605	1       48686983
#trying: [51, 14, 43, 20, 48, 50]
606	1       50220468
#trying: [51, 14, 43, 20, 50, 48]
607	1       42225072
#trying: [51, 14, 43, 48, 20, 50]
608	1       45995796
#trying: [51, 14, 43, 48, 50, 20]
609	1       44016490
#trying: [51, 14, 43, 50, 20, 48]
610	1       39119762
#trying: [51, 14, 43, 50, 48, 20]
611	1       37819154
#trying: [51, 14, 48, 20, 43, 50]
612	1       40405458
#trying: [51, 14, 48, 20, 50, 43]
613	1       37228273
#trying: [51, 14, 48, 43, 20, 50]
614	1       39436288
#trying: [51, 14, 48, 43, 50, 20]
615	1       40355142
#trying: [51, 14, 48, 50, 20, 43]
616	1       37251329
#trying: [51, 14, 48, 50, 43, 20]
617	1       39507403
#trying: [51, 14, 50, 20, 43, 48]
618	1       44467086
#trying: [51, 14, 50, 20, 48, 43]
619	1       46587934
#trying: [51, 14, 50, 43, 20, 48]
620	1       39088649
#trying: [51, 14, 50, 43, 48, 20]
621	1       46368947
#trying: [51, 14, 50, 48, 20, 43]
622	1       37453233
#trying: [51, 14, 50, 48, 43, 20]
623	1       37456773
#trying: [51, 20, 14, 43, 48, 50]
624	1       37789856
#trying: [51, 20, 14, 43, 50, 48]
625	1       37169062
#trying: [51, 20, 14, 48, 43, 50]
626	1       40668834
#trying: [51, 20, 14, 48, 50, 43]
627	1       44382796
#trying: [51, 20, 14, 50, 43, 48]
628	1       37820774
#trying: [51, 20, 14, 50, 48, 43]
629	1       42729092
#trying: [51, 20, 43, 14, 48, 50]
630	1       35929018
#trying: [51, 20, 43, 14, 50, 48]
631	1       38977576
#trying: [51, 20, 43, 48, 14, 50]
632	1       34649484
#trying: [51, 20, 43, 48, 50, 14]
633	1       35367729
#trying: [51, 20, 43, 50, 14, 48]
634	1       43725481
#trying: [51, 20, 43, 50, 48, 14]
635	1       39836952
#trying: [51, 20, 48, 14, 43, 50]
636	1       39474133
#trying: [51, 20, 48, 14, 50, 43]
637	1       38687673
#trying: [51, 20, 48, 43, 14, 50]
638	1       37923426
#trying: [51, 20, 48, 43, 50, 14]
639	1       46576839
#trying: [51, 20, 48, 50, 14, 43]
640	1       41469307
#trying: [51, 20, 48, 50, 43, 14]
641	1       36087402
#trying: [51, 20, 50, 14, 43, 48]
642	1       40050550
#trying: [51, 20, 50, 14, 48, 43]
643	1       42361485
#trying: [51, 20, 50, 43, 14, 48]
644	1       38979703
#trying: [51, 20, 50, 43, 48, 14]
645	1       38377056
#trying: [51, 20, 50, 48, 14, 43]
646	1       38654376
#trying: [51, 20, 50, 48, 43, 14]
647	1       38679652
#trying: [51, 43, 14, 20, 48, 50]
648	1       41659711
#trying: [51, 43, 14, 20, 50, 48]
649	1       36130517
#trying: [51, 43, 14, 48, 20, 50]
650	1       36534998
#trying: [51, 43, 14, 48, 50, 20]
651	1       36200104
#trying: [51, 43, 14, 50, 20, 48]
652	1       35558414
#trying: [51, 43, 14, 50, 48, 20]
653	1       35995967
#trying: [51, 43, 20, 14, 48, 50]
654	1       37798634
#trying: [51, 43, 20, 14, 50, 48]
655	1       39613097
#trying: [51, 43, 20, 48, 14, 50]
656	1       34917165
#trying: [51, 43, 20, 48, 50, 14]
657	1       36247315
#trying: [51, 43, 20, 50, 14, 48]
658	1       52074020
#trying: [51, 43, 20, 50, 48, 14]
659	1       55400612
#trying: [51, 43, 48, 14, 20, 50]
660	1       38041438
#trying: [51, 43, 48, 14, 50, 20]
661	1       35804901
#trying: [51, 43, 48, 20, 14, 50]
662	1       35041379
#trying: [51, 43, 48, 20, 50, 14]
663	1       38673950
#trying: [51, 43, 48, 50, 14, 20]
664	1       35659712
#trying: [51, 43, 48, 50, 20, 14]
665	1       34782002
#trying: [51, 43, 50, 14, 20, 48]
666	1       36884293
#trying: [51, 43, 50, 14, 48, 20]
667	1       34432323
#trying: [51, 43, 50, 20, 14, 48]
668	1       37136349
#trying: [51, 43, 50, 20, 48, 14]
669	1       50201426
#trying: [51, 43, 50, 48, 14, 20]
670	1       36758273
#trying: [51, 43, 50, 48, 20, 14]
671	1       37561565
#trying: [51, 48, 14, 20, 43, 50]
672	1       35784299
#trying: [51, 48, 14, 20, 50, 43]
673	1       38668285
#trying: [51, 48, 14, 43, 20, 50]
674	1       36147866
#trying: [51, 48, 14, 43, 50, 20]
675	1       35447182
#trying: [51, 48, 14, 50, 20, 43]
676	1       56056985
#trying: [51, 48, 14, 50, 43, 20]
677	1       39369886
#trying: [51, 48, 20, 14, 43, 50]
678	1       48903780
#trying: [51, 48, 20, 14, 50, 43]
679	1       35997477
#trying: [51, 48, 20, 43, 14, 50]
680	1       47487946
#trying: [51, 48, 20, 43, 50, 14]
681	1       34329935
#trying: [51, 48, 20, 50, 14, 43]
682	1       38460548
#trying: [51, 48, 20, 50, 43, 14]
683	1       35207567
#trying: [51, 48, 43, 14, 20, 50]
684	1       38684998
#trying: [51, 48, 43, 14, 50, 20]
685	1       38636250
#trying: [51, 48, 43, 20, 14, 50]
686	1       44323505
#trying: [51, 48, 43, 20, 50, 14]
687	1       34618491
#trying: [51, 48, 43, 50, 14, 20]
688	1       33362560
#trying: [51, 48, 43, 50, 20, 14]
689	1       49057822
#trying: [51, 48, 50, 14, 20, 43]
690	1       41919830
#trying: [51, 48, 50, 14, 43, 20]
691	1       36427021
#trying: [51, 48, 50, 20, 14, 43]
692	1       35956994
#trying: [51, 48, 50, 20, 43, 14]
693	1       34439057
#trying: [51, 48, 50, 43, 14, 20]
694	1       33909993
#trying: [51, 48, 50, 43, 20, 14]
695	1       35405597
#trying: [51, 50, 14, 20, 43, 48]
696	1       36356010
#trying: [51, 50, 14, 20, 48, 43]
697	1       37351121
#trying: [51, 50, 14, 43, 20, 48]
698	1       37603133
#trying: [51, 50, 14, 43, 48, 20]
699	1       39436880
#trying: [51, 50, 14, 48, 20, 43]
700	1       36527488
#trying: [51, 50, 14, 48, 43, 20]
701	1       45445826
#trying: [51, 50, 20, 14, 43, 48]
702	1       38402433
#trying: [51, 50, 20, 14, 48, 43]
703	1       46293658
#trying: [51, 50, 20, 43, 14, 48]
704	1       34268587
#trying: [51, 50, 20, 43, 48, 14]
705	1       34731845
#trying: [51, 50, 20, 48, 14, 43]
706	1       38722174
#trying: [51, 50, 20, 48, 43, 14]
707	1       34216720
#trying: [51, 50, 43, 14, 20, 48]
708	1       34948258
#trying: [51, 50, 43, 14, 48, 20]
709	1       40343257
#trying: [51, 50, 43, 20, 14, 48]
710	1       34560741
#trying: [51, 50, 43, 20, 48, 14]
711	1       35887361
#trying: [51, 50, 43, 48, 14, 20]
712	1       35471986
#trying: [51, 50, 43, 48, 20, 14]
713	1       34422457
#trying: [51, 50, 48, 14, 20, 43]
714	1       37988373
#trying: [51, 50, 48, 14, 43, 20]
715	1       36663500
#trying: [51, 50, 48, 20, 14, 43]
716	1       36358853
#trying: [51, 50, 48, 20, 43, 14]
717	1       33996733
#trying: [51, 50, 48, 43, 14, 20]
718	1       34437261
#trying: [51, 50, 48, 43, 20, 14]
719	1       35247609
