#PROBLEM: factor19 & longest chain length: 30 & average chain length: 3.2078 & median chain length: 2 & varNum: 52 & clauseNum: 187 & chains: 77 & timeout: 120s 
#original chain with index 113: [122, 46, 44, 211, 191, 207, 37, 30, 206, 229, 225, 228, 52, 89, 97, 216, 196, 82, 213, 224, 146, 198, 136, 101, 94, 87, 114, 108, 54, 210] 
#trying: [87, 136, 228, 210, 94, 82, 122, 198, 30, 108, 54, 146, 206, 211, 229, 207, 89, 46, 224, 44, 213, 225, 216, 196, 114, 101, 37, 191, 97, 52]
0	Timeout 
#trying: [206, 210, 228, 52, 54, 46, 87, 146, 229, 211, 82, 198, 89, 37, 225, 101, 97, 224, 30, 196, 44, 191, 114, 136, 94, 207, 213, 108, 216, 122]
1	Timeout 
#trying: [211, 114, 191, 87, 146, 89, 122, 37, 206, 46, 216, 210, 228, 101, 52, 224, 198, 136, 97, 30, 94, 82, 213, 108, 207, 54, 229, 225, 44, 196]
2	Timeout 
#trying: [229, 210, 213, 191, 87, 30, 216, 198, 82, 89, 44, 206, 136, 225, 146, 94, 108, 54, 122, 196, 46, 52, 114, 224, 211, 207, 37, 101, 228, 97]
3	Timeout 
#trying: [52, 108, 146, 225, 207, 54, 114, 206, 97, 82, 37, 87, 229, 210, 101, 211, 224, 46, 89, 94, 191, 30, 198, 136, 213, 122, 216, 44, 228, 196]
4	Timeout 
#trying: [198, 213, 196, 54, 207, 108, 46, 114, 136, 52, 210, 30, 89, 225, 229, 97, 44, 101, 224, 206, 146, 94, 37, 82, 211, 87, 191, 228, 216, 122]
5	