#PROBLEM: factor5 & longest chain length: 6 & average chain length: 2.35 & median chain length: 2.0 & varNum: 13 & clauseNum: 40 & chains: 20 & timeout: 20s 
#original chain with index 31: [46, 21, 52, 54, 44, 13] 
#trying: [13, 21, 44, 46, 52, 54]
0	1       39248055
#trying: [13, 21, 44, 46, 54, 52]
1	1       39902527
#trying: [13, 21, 44, 52, 46, 54]
2	1       41769673
#trying: [13, 21, 44, 52, 54, 46]
3	1       49624775
#trying: [13, 21, 44, 54, 46, 52]
4	1       41672122
#trying: [13, 21, 44, 54, 52, 46]
5	1       40444290
#trying: [13, 21, 46, 44, 52, 54]
6	1       46165764
#trying: [13, 21, 46, 44, 54, 52]
7	1       41493189
#trying: [13, 21, 46, 52, 44, 54]
8	1       37623678
#trying: [13, 21, 46, 52, 54, 44]
9	1       50338004
#trying: [13, 21, 46, 54, 44, 52]
10	1       37349082
#trying: [13, 21, 46, 54, 52, 44]
11	1       38929260
#trying: [13, 21, 52, 44, 46, 54]
12	1       54706401
#trying: [13, 21, 52, 44, 54, 46]
13	1       37779731
#trying: [13, 21, 52, 46, 44, 54]
14	1       37488729
#trying: [13, 21, 52, 46, 54, 44]
15	1       47453445
#trying: [13, 21, 52, 54, 44, 46]
16	1       36078652
#trying: [13, 21, 52, 54, 46, 44]
17	1       40402333
#trying: [13, 21, 54, 44, 46, 52]
18	1       36148664
#trying: [13, 21, 54, 44, 52, 46]
19	1       35299027
#trying: [13, 21, 54, 46, 44, 52]
20	1       48877894
#trying: [13, 21, 54, 46, 52, 44]
21	1       34989734
#trying: [13, 21, 54, 52, 44, 46]
22	1       40423056
#trying: [13, 21, 54, 52, 46, 44]
23	1       32884281
#trying: [13, 44, 21, 46, 52, 54]
24	1       39136665
#trying: [13, 44, 21, 46, 54, 52]
25	1       35961356
#trying: [13, 44, 21, 52, 46, 54]
26	1       36255328
#trying: [13, 44, 21, 52, 54, 46]
27	1       43058616
#trying: [13, 44, 21, 54, 46, 52]
28	1       35651151
#trying: [13, 44, 21, 54, 52, 46]
29	1       38715347
#trying: [13, 44, 46, 21, 52, 54]
30	1       36287501
#trying: [13, 44, 46, 21, 54, 52]
31	1       34934710
#trying: [13, 44, 46, 52, 21, 54]
32	1       34868821
#trying: [13, 44, 46, 52, 54, 21]
33	1       36637949
#trying: [13, 44, 46, 54, 21, 52]
34	1       33788073
#trying: [13, 44, 46, 54, 52, 21]
35	1       34384897
#trying: [13, 44, 52, 21, 46, 54]
36	1       44380537
#trying: [13, 44, 52, 21, 54, 46]
37	1       36528752
#trying: [13, 44, 52, 46, 21, 54]
38	1       34716927
#trying: [13, 44, 52, 46, 54, 21]
39	1       39195006
#trying: [13, 44, 52, 54, 21, 46]
40	1       35052136
#trying: [13, 44, 52, 54, 46, 21]
41	1       37419269
#trying: [13, 44, 54, 21, 46, 52]
42	1       35929478
#trying: [13, 44, 54, 21, 52, 46]
43	1       34200045
#trying: [13, 44, 54, 46, 21, 52]
44	1       37503720
#trying: [13, 44, 54, 46, 52, 21]
45	1       35398313
#trying: [13, 44, 54, 52, 21, 46]
46	1       41909728
#trying: [13, 44, 54, 52, 46, 21]
47	1       39398986
#trying: [13, 46, 21, 44, 52, 54]
48	1       41708032
#trying: [13, 46, 21, 44, 54, 52]
49	1       35438440
#trying: [13, 46, 21, 52, 44, 54]
50	1       34412411
#trying: [13, 46, 21, 52, 54, 44]
51	1       35925004
#trying: [13, 46, 21, 54, 44, 52]
52	1       46467112
#trying: [13, 46, 21, 54, 52, 44]
53	1       35259096
#trying: [13, 46, 44, 21, 52, 54]
54	1       35906529
#trying: [13, 46, 44, 21, 54, 52]
55	1       35960802
#trying: [13, 46, 44, 52, 21, 54]
56	1       33377496
#trying: [13, 46, 44, 52, 54, 21]
57	1       37660329
#trying: [13, 46, 44, 54, 21, 52]
58	1       39903418
#trying: [13, 46, 44, 54, 52, 21]
59	1       33278463
#trying: [13, 46, 52, 21, 44, 54]
60	1       35947465
#trying: [13, 46, 52, 21, 54, 44]
61	1       36711034
#trying: [13, 46, 52, 44, 21, 54]
62	1       35187084
#trying: [13, 46, 52, 44, 54, 21]
63	1       32659330
#trying: [13, 46, 52, 54, 21, 44]
64	1       32746324
#trying: [13, 46, 52, 54, 44, 21]
65	1       38151414
#trying: [13, 46, 54, 21, 44, 52]
66	1       32723246
#trying: [13, 46, 54, 21, 52, 44]
67	1       36944507
#trying: [13, 46, 54, 44, 21, 52]
68	1       39525669
#trying: [13, 46, 54, 44, 52, 21]
69	1       33464694
#trying: [13, 46, 54, 52, 21, 44]
70	1       36236675
#trying: [13, 46, 54, 52, 44, 21]
71	1       40598502
#trying: [13, 52, 21, 44, 46, 54]
72	1       33437520
#trying: [13, 52, 21, 44, 54, 46]
73	1       34685540
#trying: [13, 52, 21, 46, 44, 54]
74	1       33197586
#trying: [13, 52, 21, 46, 54, 44]
75	1       33722858
#trying: [13, 52, 21, 54, 44, 46]
76	1       33686039
#trying: [13, 52, 21, 54, 46, 44]
77	1       34046459
#trying: [13, 52, 44, 21, 46, 54]
78	1       45635533
#trying: [13, 52, 44, 21, 54, 46]
79	1       33572862
#trying: [13, 52, 44, 46, 21, 54]
80	1       37755190
#trying: [13, 52, 44, 46, 54, 21]
81	1       48560285
#trying: [13, 52, 44, 54, 21, 46]
82	1       35497699
#trying: [13, 52, 44, 54, 46, 21]
83	1       34545631
#trying: [13, 52, 46, 21, 44, 54]
84	1       42469375
#trying: [13, 52, 46, 21, 54, 44]
85	1       34260688
#trying: [13, 52, 46, 44, 21, 54]
86	1       33469321
#trying: [13, 52, 46, 44, 54, 21]
87	1       41156338
#trying: [13, 52, 46, 54, 21, 44]
88	1       35787822
#trying: [13, 52, 46, 54, 44, 21]
89	1       33769292
#trying: [13, 52, 54, 21, 44, 46]
90	1       33470426
#trying: [13, 52, 54, 21, 46, 44]
91	1       38113576
#trying: [13, 52, 54, 44, 21, 46]
92	1       35086542
#trying: [13, 52, 54, 44, 46, 21]
93	1       35197362
#trying: [13, 52, 54, 46, 21, 44]
94	1       43136266
#trying: [13, 52, 54, 46, 44, 21]
95	1       33919174
#trying: [13, 54, 21, 44, 46, 52]
96	1       35842061
#trying: [13, 54, 21, 44, 52, 46]
97	1       36318627
#trying: [13, 54, 21, 46, 44, 52]
98	1       36198893
#trying: [13, 54, 21, 46, 52, 44]
99	1       34237981
#trying: [13, 54, 21, 52, 44, 46]
100	1       37052915
#trying: [13, 54, 21, 52, 46, 44]
101	1       34565593
#trying: [13, 54, 44, 21, 46, 52]
102	1       35258178
#trying: [13, 54, 44, 21, 52, 46]
103	1       35339909
#trying: [13, 54, 44, 46, 21, 52]
104	1       36667397
#trying: [13, 54, 44, 46, 52, 21]
105	1       34595099
#trying: [13, 54, 44, 52, 21, 46]
106	1       39849762
#trying: [13, 54, 44, 52, 46, 21]
107	1       40552204
#trying: [13, 54, 46, 21, 44, 52]
108	1       34478053
#trying: [13, 54, 46, 21, 52, 44]
109	1       35928744
#trying: [13, 54, 46, 44, 21, 52]
110	1       45295609
#trying: [13, 54, 46, 44, 52, 21]
111	1       35846788
#trying: [13, 54, 46, 52, 21, 44]
112	1       37882396
#trying: [13, 54, 46, 52, 44, 21]
113	1       43486765
#trying: [13, 54, 52, 21, 44, 46]
114	1       33416109
#trying: [13, 54, 52, 21, 46, 44]
115	1       34843540
#trying: [13, 54, 52, 44, 21, 46]
116	1       35681959
#trying: [13, 54, 52, 44, 46, 21]
117	1       36759142
#trying: [13, 54, 52, 46, 21, 44]
118	1       35460292
#trying: [13, 54, 52, 46, 44, 21]
119	1       40829208
#trying: [21, 13, 44, 46, 52, 54]
120	1       35143541
#trying: [21, 13, 44, 46, 54, 52]
121	1       35314809
#trying: [21, 13, 44, 52, 46, 54]
122	1       42883488
#trying: [21, 13, 44, 52, 54, 46]
123	1       33920055
#trying: [21, 13, 44, 54, 46, 52]
124	1       43612396
#trying: [21, 13, 44, 54, 52, 46]
125	1       40810832
#trying: [21, 13, 46, 44, 52, 54]
126	1       34546943
#trying: [21, 13, 46, 44, 54, 52]
127	1       37417323
#trying: [21, 13, 46, 52, 44, 54]
128	1       35473189
#trying: [21, 13, 46, 52, 54, 44]
129	1       35501701
#trying: [21, 13, 46, 54, 44, 52]
130	1       36587537
#trying: [21, 13, 46, 54, 52, 44]
131	1       37673427
#trying: [21, 13, 52, 44, 46, 54]
132	1       35522899
#trying: [21, 13, 52, 44, 54, 46]
133	1       38471589
#trying: [21, 13, 52, 46, 44, 54]
134	1       34650574
#trying: [21, 13, 52, 46, 54, 44]
135	1       35541742
#trying: [21, 13, 52, 54, 44, 46]
136	1       33535991
#trying: [21, 13, 52, 54, 46, 44]
137	1       32865466
#trying: [21, 13, 54, 44, 46, 52]
138	1       49599303
#trying: [21, 13, 54, 44, 52, 46]
139	1       32812819
#trying: [21, 13, 54, 46, 44, 52]
140	1       45312726
#trying: [21, 13, 54, 46, 52, 44]
141	1       39226518
#trying: [21, 13, 54, 52, 44, 46]
142	1       33432114
#trying: [21, 13, 54, 52, 46, 44]
143	1       34105539
#trying: [21, 44, 13, 46, 52, 54]
144	1       35116648
#trying: [21, 44, 13, 46, 54, 52]
145	1       37186175
#trying: [21, 44, 13, 52, 46, 54]
146	1       34359981
#trying: [21, 44, 13, 52, 54, 46]
147	1       33509976
#trying: [21, 44, 13, 54, 46, 52]
148	1       34759038
#trying: [21, 44, 13, 54, 52, 46]
149	1       35364514
#trying: [21, 44, 46, 13, 52, 54]
150	1       34288115
#trying: [21, 44, 46, 13, 54, 52]
151	1       39638748
#trying: [21, 44, 46, 52, 13, 54]
152	1       37011347
#trying: [21, 44, 46, 52, 54, 13]
153	1       37258529
#trying: [21, 44, 46, 54, 13, 52]
154	1       37542489
#trying: [21, 44, 46, 54, 52, 13]
155	1       35283890
#trying: [21, 44, 52, 13, 46, 54]
156	1       34088373
#trying: [21, 44, 52, 13, 54, 46]
157	1       34409307
#trying: [21, 44, 52, 46, 13, 54]
158	1       41599220
#trying: [21, 44, 52, 46, 54, 13]
159	1       32888617
#trying: [21, 44, 52, 54, 13, 46]
160	1       35178219
#trying: [21, 44, 52, 54, 46, 13]
161	1       35844421
#trying: [21, 44, 54, 13, 46, 52]
162	1       45713684
#trying: [21, 44, 54, 13, 52, 46]
163	1       37433425
#trying: [21, 44, 54, 46, 13, 52]
164	1       42331082
#trying: [21, 44, 54, 46, 52, 13]
165	1       36463386
#trying: [21, 44, 54, 52, 13, 46]
166	1       47966060
#trying: [21, 44, 54, 52, 46, 13]
167	1       55912653
#trying: [21, 46, 13, 44, 52, 54]
168	1       42122235
#trying: [21, 46, 13, 44, 54, 52]
169	1       52832573
#trying: [21, 46, 13, 52, 44, 54]
170	1       51420356
#trying: [21, 46, 13, 52, 54, 44]
171	1       52862613
#trying: [21, 46, 13, 54, 44, 52]
172	1       48355301
#trying: [21, 46, 13, 54, 52, 44]
173	1       53985454
#trying: [21, 46, 44, 13, 52, 54]
174	1       32655817
#trying: [21, 46, 44, 13, 54, 52]
175	1       34045052
#trying: [21, 46, 44, 52, 13, 54]
176	1       32824853
#trying: [21, 46, 44, 52, 54, 13]
177	1       53558889
#trying: [21, 46, 44, 54, 13, 52]
178	1       33002949
#trying: [21, 46, 44, 54, 52, 13]
179	1       35600894
#trying: [21, 46, 52, 13, 44, 54]
180	1       36436906
#trying: [21, 46, 52, 13, 54, 44]
181	1       49173540
#trying: [21, 46, 52, 44, 13, 54]
182	1       47339638
#trying: [21, 46, 52, 44, 54, 13]
183	1       36304378
#trying: [21, 46, 52, 54, 13, 44]
184	1       32250144
#trying: [21, 46, 52, 54, 44, 13]
185	1       32181837
#trying: [21, 46, 54, 13, 44, 52]
186	1       47705653
#trying: [21, 46, 54, 13, 52, 44]
187	1       32140356
#trying: [21, 46, 54, 44, 13, 52]
188	1       31374494
#trying: [21, 46, 54, 44, 52, 13]
189	1       33667316
#trying: [21, 46, 54, 52, 13, 44]
190	1       47330735
#trying: [21, 46, 54, 52, 44, 13]
191	1       31636141
#trying: [21, 52, 13, 44, 46, 54]
192	1       31785426
#trying: [21, 52, 13, 44, 54, 46]
193	1       34916763
#trying: [21, 52, 13, 46, 44, 54]
194	1       31968537
#trying: [21, 52, 13, 46, 54, 44]
195	1       34122308
#trying: [21, 52, 13, 54, 44, 46]
196	1       35179395
#trying: [21, 52, 13, 54, 46, 44]
197	1       32430249
#trying: [21, 52, 44, 13, 46, 54]
198	1       33030124
#trying: [21, 52, 44, 13, 54, 46]
199	1       38794663
#trying: [21, 52, 44, 46, 13, 54]
200	1       35976855
#trying: [21, 52, 44, 46, 54, 13]
201	1       32853593
#trying: [21, 52, 44, 54, 13, 46]
202	1       34254955
#trying: [21, 52, 44, 54, 46, 13]
203	1       49609005
#trying: [21, 52, 46, 13, 44, 54]
204	1       33231626
#trying: [21, 52, 46, 13, 54, 44]
205	1       36606033
#trying: [21, 52, 46, 44, 13, 54]
206	1       45136954
#trying: [21, 52, 46, 44, 54, 13]
207	1       36182719
#trying: [21, 52, 46, 54, 13, 44]
208	1       38085975
#trying: [21, 52, 46, 54, 44, 13]
209	1       35854810
#trying: [21, 52, 54, 13, 44, 46]
210	1       38205640
#trying: [21, 52, 54, 13, 46, 44]
211	1       37923493
#trying: [21, 52, 54, 44, 13, 46]
212	1       31540271
#trying: [21, 52, 54, 44, 46, 13]
213	1       36027564
#trying: [21, 52, 54, 46, 13, 44]
214	1       35608883
#trying: [21, 52, 54, 46, 44, 13]
215	1       33187029
#trying: [21, 54, 13, 44, 46, 52]
216	1       44361187
#trying: [21, 54, 13, 44, 52, 46]
217	1       33901735
#trying: [21, 54, 13, 46, 44, 52]
218	1       36020329
#trying: [21, 54, 13, 46, 52, 44]
219	1       49775594
#trying: [21, 54, 13, 52, 44, 46]
220	1       35564102
#trying: [21, 54, 13, 52, 46, 44]
221	1       36761134
#trying: [21, 54, 44, 13, 46, 52]
222	1       47872366
#trying: [21, 54, 44, 13, 52, 46]
223	1       42874735
#trying: [21, 54, 44, 46, 13, 52]
224	1       34715683
#trying: [21, 54, 44, 46, 52, 13]
225	1       42719347
#trying: [21, 54, 44, 52, 13, 46]
226	1       33345136
#trying: [21, 54, 44, 52, 46, 13]
227	1       36972429
#trying: [21, 54, 46, 13, 44, 52]
228	1       36805928
#trying: [21, 54, 46, 13, 52, 44]
229	1       41314673
#trying: [21, 54, 46, 44, 13, 52]
230	1       35029311
#trying: [21, 54, 46, 44, 52, 13]
231	1       37883141
#trying: [21, 54, 46, 52, 13, 44]
232	1       36893734
#trying: [21, 54, 46, 52, 44, 13]
233	1       35716530
#trying: [21, 54, 52, 13, 44, 46]
234	1       35034315
#trying: [21, 54, 52, 13, 46, 44]
235	1       43922838
#trying: [21, 54, 52, 44, 13, 46]
236	1       33293475
#trying: [21, 54, 52, 44, 46, 13]
237	1       36959285
#trying: [21, 54, 52, 46, 13, 44]
238	1       44669012
#trying: [21, 54, 52, 46, 44, 13]
239	1       32873561
#trying: [44, 13, 21, 46, 52, 54]
240	1       35544009
#trying: [44, 13, 21, 46, 54, 52]
241	1       47834921
#trying: [44, 13, 21, 52, 46, 54]
242	1       35501118
#trying: [44, 13, 21, 52, 54, 46]
243	1       33926671
#trying: [44, 13, 21, 54, 46, 52]
244	1       40891569
#trying: [44, 13, 21, 54, 52, 46]
245	1       33987710
#trying: [44, 13, 46, 21, 52, 54]
246	1       39034704
#trying: [44, 13, 46, 21, 54, 52]
247	1       35162274
#trying: [44, 13, 46, 52, 21, 54]
248	1       46776342
#trying: [44, 13, 46, 52, 54, 21]
249	1       39907057
#trying: [44, 13, 46, 54, 21, 52]
250	1       32969475
#trying: [44, 13, 46, 54, 52, 21]
251	1       35361271
#trying: [44, 13, 52, 21, 46, 54]
252	1       32781674
#trying: [44, 13, 52, 21, 54, 46]
253	1       37117448
#trying: [44, 13, 52, 46, 21, 54]
254	1       40001295
#trying: [44, 13, 52, 46, 54, 21]
255	1       35012851
#trying: [44, 13, 52, 54, 21, 46]
256	1       33184903
#trying: [44, 13, 52, 54, 46, 21]
257	1       33781592
#trying: [44, 13, 54, 21, 46, 52]
258	1       34156861
#trying: [44, 13, 54, 21, 52, 46]
259	1       37407895
#trying: [44, 13, 54, 46, 21, 52]
260	1       36582130
#trying: [44, 13, 54, 46, 52, 21]
261	1       34663510
#trying: [44, 13, 54, 52, 21, 46]
262	1       36228123
#trying: [44, 13, 54, 52, 46, 21]
263	1       35189219
#trying: [44, 21, 13, 46, 52, 54]
264	1       46959141
#trying: [44, 21, 13, 46, 54, 52]
265	1       39268517
#trying: [44, 21, 13, 52, 46, 54]
266	1       35286935
#trying: [44, 21, 13, 52, 54, 46]
267	1       51546132
#trying: [44, 21, 13, 54, 46, 52]
268	1       37104230
#trying: [44, 21, 13, 54, 52, 46]
269	1       36569655
#trying: [44, 21, 46, 13, 52, 54]
270	1       44281916
#trying: [44, 21, 46, 13, 54, 52]
271	1       37034871
#trying: [44, 21, 46, 52, 13, 54]
272	1       43669845
#trying: [44, 21, 46, 52, 54, 13]
273	1       37229875
#trying: [44, 21, 46, 54, 13, 52]
274	1       33812558
#trying: [44, 21, 46, 54, 52, 13]
275	1       37437116
#trying: [44, 21, 52, 13, 46, 54]
276	1       42534972
#trying: [44, 21, 52, 13, 54, 46]
277	1       36798970
#trying: [44, 21, 52, 46, 13, 54]
278	1       34191760
#trying: [44, 21, 52, 46, 54, 13]
279	1       33315603
#trying: [44, 21, 52, 54, 13, 46]
280	1       39937865
#trying: [44, 21, 52, 54, 46, 13]
281	1       35019570
#trying: [44, 21, 54, 13, 46, 52]
282	1       37726463
#trying: [44, 21, 54, 13, 52, 46]
283	1       38193688
#trying: [44, 21, 54, 46, 13, 52]
284	1       36626557
#trying: [44, 21, 54, 46, 52, 13]
285	1       38048354
#trying: [44, 21, 54, 52, 13, 46]
286	1       40329899
#trying: [44, 21, 54, 52, 46, 13]
287	1       36025785
#trying: [44, 46, 13, 21, 52, 54]
288	1       34630216
#trying: [44, 46, 13, 21, 54, 52]
289	1       44283668
#trying: [44, 46, 13, 52, 21, 54]
290	1       34644182
#trying: [44, 46, 13, 52, 54, 21]
291	1       38363961
#trying: [44, 46, 13, 54, 21, 52]
292	1       34283503
#trying: [44, 46, 13, 54, 52, 21]
293	1       33010460
#trying: [44, 46, 21, 13, 52, 54]
294	1       35809495
#trying: [44, 46, 21, 13, 54, 52]
295	1       39867325
#trying: [44, 46, 21, 52, 13, 54]
296	1       42585311
#trying: [44, 46, 21, 52, 54, 13]
297	1       33218205
#trying: [44, 46, 21, 54, 13, 52]
298	1       33071950
#trying: [44, 46, 21, 54, 52, 13]
299	1       42966470
#trying: [44, 46, 52, 13, 21, 54]
300	1       34194448
#trying: [44, 46, 52, 13, 54, 21]
301	1       37727851
#trying: [44, 46, 52, 21, 13, 54]
302	1       43317821
#trying: [44, 46, 52, 21, 54, 13]
303	1       38737932
#trying: [44, 46, 52, 54, 13, 21]
304	1       34013251
#trying: [44, 46, 52, 54, 21, 13]
305	1       37640879
#trying: [44, 46, 54, 13, 21, 52]
306	1       38325489
#trying: [44, 46, 54, 13, 52, 21]
307	1       34173336
#trying: [44, 46, 54, 21, 13, 52]
308	1       36230107
#trying: [44, 46, 54, 21, 52, 13]
309	1       34320968
#trying: [44, 46, 54, 52, 13, 21]
310	1       36765286
#trying: [44, 46, 54, 52, 21, 13]
311	1       33924362
#trying: [44, 52, 13, 21, 46, 54]
312	1       44012962
#trying: [44, 52, 13, 21, 54, 46]
313	1       36713170
#trying: [44, 52, 13, 46, 21, 54]
314	1       35799367
#trying: [44, 52, 13, 46, 54, 21]
315	1       38783711
#trying: [44, 52, 13, 54, 21, 46]
316	1       32809338
#trying: [44, 52, 13, 54, 46, 21]
317	1       35263249
#trying: [44, 52, 21, 13, 46, 54]
318	1       41478429
#trying: [44, 52, 21, 13, 54, 46]
319	1       34469082
#trying: [44, 52, 21, 46, 13, 54]
320	1       32184343
#trying: [44, 52, 21, 46, 54, 13]
321	1       34325859
#trying: [44, 52, 21, 54, 13, 46]
322	1       32811433
#trying: [44, 52, 21, 54, 46, 13]
323	1       33393550
#trying: [44, 52, 46, 13, 21, 54]
324	1       33072350
#trying: [44, 52, 46, 13, 54, 21]
325	1       49279834
#trying: [44, 52, 46, 21, 13, 54]
326	1       34010635
#trying: [44, 52, 46, 21, 54, 13]
327	1       34771536
#trying: [44, 52, 46, 54, 13, 21]
328	1       44678941
#trying: [44, 52, 46, 54, 21, 13]
329	1       36041158
#trying: [44, 52, 54, 13, 21, 46]
330	1       32404018
#trying: [44, 52, 54, 13, 46, 21]
331	1       32996298
#trying: [44, 52, 54, 21, 13, 46]
332	1       33692648
#trying: [44, 52, 54, 21, 46, 13]
333	1       32347466
#trying: [44, 52, 54, 46, 13, 21]
334	1       32493825
#trying: [44, 52, 54, 46, 21, 13]
335	1       40870538
#trying: [44, 54, 13, 21, 46, 52]
336	1       33077218
#trying: [44, 54, 13, 21, 52, 46]
337	1       34325455
#trying: [44, 54, 13, 46, 21, 52]
338	1       37405595
#trying: [44, 54, 13, 46, 52, 21]
339	1       33252195
#trying: [44, 54, 13, 52, 21, 46]
340	1       34462218
#trying: [44, 54, 13, 52, 46, 21]
341	1       32269229
#trying: [44, 54, 21, 13, 46, 52]
342	1       38785235
#trying: [44, 54, 21, 13, 52, 46]
343	1       32070155
#trying: [44, 54, 21, 46, 13, 52]
344	1       32718755
#trying: [44, 54, 21, 46, 52, 13]
345	1       38048845
#trying: [44, 54, 21, 52, 13, 46]
346	1       32833623
#trying: [44, 54, 21, 52, 46, 13]
347	1       33342219
#trying: [44, 54, 46, 13, 21, 52]
348	1       32400923
#trying: [44, 54, 46, 13, 52, 21]
349	1       38140503
#trying: [44, 54, 46, 21, 13, 52]
350	1       33119020
#trying: [44, 54, 46, 21, 52, 13]
351	1       33844734
#trying: [44, 54, 46, 52, 13, 21]
352	1       37661618
#trying: [44, 54, 46, 52, 21, 13]
353	1       35969834
#trying: [44, 54, 52, 13, 21, 46]
354	1       34719224
#trying: [44, 54, 52, 13, 46, 21]
355	1       43806788
#trying: [44, 54, 52, 21, 13, 46]
356	1       35071994
#trying: [44, 54, 52, 21, 46, 13]
357	1       34954731
#trying: [44, 54, 52, 46, 13, 21]
358	1       35349587
#trying: [44, 54, 52, 46, 21, 13]
359	1       36639752
#trying: [46, 13, 21, 44, 52, 54]
360	1       33645990
#trying: [46, 13, 21, 44, 54, 52]
361	1       35719110
#trying: [46, 13, 21, 52, 44, 54]
362	1       35742584
#trying: [46, 13, 21, 52, 54, 44]
363	1       33402378
#trying: [46, 13, 21, 54, 44, 52]
364	1       33621389
#trying: [46, 13, 21, 54, 52, 44]
365	1       34872734
#trying: [46, 13, 44, 21, 52, 54]
366	1       33712361
#trying: [46, 13, 44, 21, 54, 52]
367	1       33174035
#trying: [46, 13, 44, 52, 21, 54]
368	1       33847880
#trying: [46, 13, 44, 52, 54, 21]
369	1       40500976
#trying: [46, 13, 44, 54, 21, 52]
370	1       34368636
#trying: [46, 13, 44, 54, 52, 21]
371	1       33278699
#trying: [46, 13, 52, 21, 44, 54]
372	1       37907916
#trying: [46, 13, 52, 21, 54, 44]
373	1       32505138
#trying: [46, 13, 52, 44, 21, 54]
374	1       32610662
#trying: [46, 13, 52, 44, 54, 21]
375	1       32053129
#trying: [46, 13, 52, 54, 21, 44]
376	1       32344238
#trying: [46, 13, 52, 54, 44, 21]
377	1       34534081
#trying: [46, 13, 54, 21, 44, 52]
378	1       33379736
#trying: [46, 13, 54, 21, 52, 44]
379	1       33833585
#trying: [46, 13, 54, 44, 21, 52]
380	1       34707546
#trying: [46, 13, 54, 44, 52, 21]
381	1       30886317
#trying: [46, 13, 54, 52, 21, 44]
382	1       34029072
#trying: [46, 13, 54, 52, 44, 21]
383	1       34916835
#trying: [46, 21, 13, 44, 52, 54]
384	1       31237634
#trying: [46, 21, 13, 44, 54, 52]
385	1       31387287
#trying: [46, 21, 13, 52, 44, 54]
386	1       32948113
#trying: [46, 21, 13, 52, 54, 44]
387	1       35264706
#trying: [46, 21, 13, 54, 44, 52]
388	1       35283843
#trying: [46, 21, 13, 54, 52, 44]
389	1       32559865
#trying: [46, 21, 44, 13, 52, 54]
390	1       35981325
#trying: [46, 21, 44, 13, 54, 52]
391	1       33096357
#trying: [46, 21, 44, 52, 13, 54]
392	1       34322149
#trying: [46, 21, 44, 52, 54, 13]
393	1       31336562
#trying: [46, 21, 44, 54, 13, 52]
394	1       32145258
#trying: [46, 21, 44, 54, 52, 13]
395	1       32208374
#trying: [46, 21, 52, 13, 44, 54]
396	1       33377630
#trying: [46, 21, 52, 13, 54, 44]
397	1       32498420
#trying: [46, 21, 52, 44, 13, 54]
398	1       32909311
#trying: [46, 21, 52, 44, 54, 13]
399	1       32340759
#trying: [46, 21, 52, 54, 13, 44]
400	1       31713416
#trying: [46, 21, 52, 54, 44, 13]
401	1       32268058
#trying: [46, 21, 54, 13, 44, 52]
402	1       34358206
#trying: [46, 21, 54, 13, 52, 44]
403	1       31387205
#trying: [46, 21, 54, 44, 13, 52]
404	1       34046408
#trying: [46, 21, 54, 44, 52, 13]
405	1       34051480
#trying: [46, 21, 54, 52, 13, 44]
406	1       33274371
#trying: [46, 21, 54, 52, 44, 13]
407	1       33895899
#trying: [46, 44, 13, 21, 52, 54]
408	1       33982387
#trying: [46, 44, 13, 21, 54, 52]
409	1       35272083
#trying: [46, 44, 13, 52, 21, 54]
410	1       37921793
#trying: [46, 44, 13, 52, 54, 21]
411	1       33127541
#trying: [46, 44, 13, 54, 21, 52]
412	1       50444963
#trying: [46, 44, 13, 54, 52, 21]
413	1       38678667
#trying: [46, 44, 21, 13, 52, 54]
414	1       35978655
#trying: [46, 44, 21, 13, 54, 52]
415	1       87788429
#trying: [46, 44, 21, 52, 13, 54]
416	1       32379193
#trying: [46, 44, 21, 52, 54, 13]
417	1       114323587
#trying: [46, 44, 21, 54, 13, 52]
418	1       32104164
#trying: [46, 44, 21, 54, 52, 13]
419	1       104734838
#trying: [46, 44, 52, 13, 21, 54]
420	1       33772491
#trying: [46, 44, 52, 13, 54, 21]
421	1       32673380
#trying: [46, 44, 52, 21, 13, 54]
422	1       33365772
#trying: [46, 44, 52, 21, 54, 13]
423	1       31839221
#trying: [46, 44, 52, 54, 13, 21]
424	1       33639036
#trying: [46, 44, 52, 54, 21, 13]
425	1       33679897
#trying: [46, 44, 54, 13, 21, 52]
426	1       35271961
#trying: [46, 44, 54, 13, 52, 21]
427	1       44562122
#trying: [46, 44, 54, 21, 13, 52]
428	1       33027601
#trying: [46, 44, 54, 21, 52, 13]
429	1       43895496
#trying: [46, 44, 54, 52, 13, 21]
430	1       31549015
#trying: [46, 44, 54, 52, 21, 13]
431	1       32360117
#trying: [46, 52, 13, 21, 44, 54]
432	1       33059730
#trying: [46, 52, 13, 21, 54, 44]
433	1       33184757
#trying: [46, 52, 13, 44, 21, 54]
434	1       32023579
#trying: [46, 52, 13, 44, 54, 21]
435	1       33076102
#trying: [46, 52, 13, 54, 21, 44]
436	1       33117210
#trying: [46, 52, 13, 54, 44, 21]
437	1       32230670
#trying: [46, 52, 21, 13, 44, 54]
438	1       31838303
#trying: [46, 52, 21, 13, 54, 44]
439	1       31806821
#trying: [46, 52, 21, 44, 13, 54]
440	1       32215903
#trying: [46, 52, 21, 44, 54, 13]
441	1       33919310
#trying: [46, 52, 21, 54, 13, 44]
442	1       31906435
#trying: [46, 52, 21, 54, 44, 13]
443	1       32469829
#trying: [46, 52, 44, 13, 21, 54]
444	1       32328846
#trying: [46, 52, 44, 13, 54, 21]
445	1       35561013
#trying: [46, 52, 44, 21, 13, 54]
446	1       32356624
#trying: [46, 52, 44, 21, 54, 13]
447	1       32111470
#trying: [46, 52, 44, 54, 13, 21]
448	1       31575584
#trying: [46, 52, 44, 54, 21, 13]
449	1       32243814
#trying: [46, 52, 54, 13, 21, 44]
450	1       32289152
#trying: [46, 52, 54, 13, 44, 21]
451	1       38286986
#trying: [46, 52, 54, 21, 13, 44]
452	1       32756937
#trying: [46, 52, 54, 21, 44, 13]
453	1       31607497
#trying: [46, 52, 54, 44, 13, 21]
454	1       32931826
#trying: [46, 52, 54, 44, 21, 13]
455	1       33396243
#trying: [46, 54, 13, 21, 44, 52]
456	1       31898421
#trying: [46, 54, 13, 21, 52, 44]
457	1       33131292
#trying: [46, 54, 13, 44, 21, 52]
458	1       31890431
#trying: [46, 54, 13, 44, 52, 21]
459	1       32141316
#trying: [46, 54, 13, 52, 21, 44]
460	1       33636610
#trying: [46, 54, 13, 52, 44, 21]
461	1       32505231
#trying: [46, 54, 21, 13, 44, 52]
462	1       33084971
#trying: [46, 54, 21, 13, 52, 44]
463	1       32569359
#trying: [46, 54, 21, 44, 13, 52]
464	1       32772646
#trying: [46, 54, 21, 44, 52, 13]
465	1       31784020
#trying: [46, 54, 21, 52, 13, 44]
466	1       31753786
#trying: [46, 54, 21, 52, 44, 13]
467	1       33970019
#trying: [46, 54, 44, 13, 21, 52]
468	1       32312218
#trying: [46, 54, 44, 13, 52, 21]
469	1       31879948
#trying: [46, 54, 44, 21, 13, 52]
470	1       32041673
#trying: [46, 54, 44, 21, 52, 13]
471	1       32844530
#trying: [46, 54, 44, 52, 13, 21]
472	1       34568734
#trying: [46, 54, 44, 52, 21, 13]
473	1       31789509
#trying: [46, 54, 52, 13, 21, 44]
474	1       32681334
#trying: [46, 54, 52, 13, 44, 21]
475	1       32766618
#trying: [46, 54, 52, 21, 13, 44]
476	1       45103367
#trying: [46, 54, 52, 21, 44, 13]
477	1       33252272
#trying: [46, 54, 52, 44, 13, 21]
478	1       35403842
#trying: [46, 54, 52, 44, 21, 13]
479	1       33145850
#trying: [52, 13, 21, 44, 46, 54]
480	1       32922293
#trying: [52, 13, 21, 44, 54, 46]
481	1       33862291
#trying: [52, 13, 21, 46, 44, 54]
482	1       49935838
#trying: [52, 13, 21, 46, 54, 44]
483	1       31830835
#trying: [52, 13, 21, 54, 44, 46]
484	1       32803362
#trying: [52, 13, 21, 54, 46, 44]
485	1       34582768
#trying: [52, 13, 44, 21, 46, 54]
486	1       38758479
#trying: [52, 13, 44, 21, 54, 46]
487	1       32976817
#trying: [52, 13, 44, 46, 21, 54]
488	1       38378361
#trying: [52, 13, 44, 46, 54, 21]
489	1       35875942
#trying: [52, 13, 44, 54, 21, 46]
490	1       32136642
#trying: [52, 13, 44, 54, 46, 21]
491	1       35453672
#trying: [52, 13, 46, 21, 44, 54]
492	1       34226256
#trying: [52, 13, 46, 21, 54, 44]
493	1       39842699
#trying: [52, 13, 46, 44, 21, 54]
494	1       34337157
#trying: [52, 13, 46, 44, 54, 21]
495	1       35870104
#trying: [52, 13, 46, 54, 21, 44]
496	1       38517874
#trying: [52, 13, 46, 54, 44, 21]
497	1       33308254
#trying: [52, 13, 54, 21, 44, 46]
498	1       33926699
#trying: [52, 13, 54, 21, 46, 44]
499	1       44131944
#trying: [52, 13, 54, 44, 21, 46]
500	1       40558067
#trying: [52, 13, 54, 44, 46, 21]
501	1       33527450
#trying: [52, 13, 54, 46, 21, 44]
502	1       33155992
#trying: [52, 13, 54, 46, 44, 21]
503	1       32560990
#trying: [52, 21, 13, 44, 46, 54]
504	1       34888944
#trying: [52, 21, 13, 44, 54, 46]
505	1       32834464
#trying: [52, 21, 13, 46, 44, 54]
506	1       34480792
#trying: [52, 21, 13, 46, 54, 44]
507	1       32802288
#trying: [52, 21, 13, 54, 44, 46]
508	1       32970638
#trying: [52, 21, 13, 54, 46, 44]
509	1       36145467
#trying: [52, 21, 44, 13, 46, 54]
510	1       33517192
#trying: [52, 21, 44, 13, 54, 46]
511	1       34848406
#trying: [52, 21, 44, 46, 13, 54]
512	1       35068573
#trying: [52, 21, 44, 46, 54, 13]
513	1       32339880
#trying: [52, 21, 44, 54, 13, 46]
514	1       35802808
#trying: [52, 21, 44, 54, 46, 13]
515	1       46375693
#trying: [52, 21, 46, 13, 44, 54]
516	1       33721429
#trying: [52, 21, 46, 13, 54, 44]
517	1       43914418
#trying: [52, 21, 46, 44, 13, 54]
518	1       33775273
#trying: [52, 21, 46, 44, 54, 13]
519	1       32097312
#trying: [52, 21, 46, 54, 13, 44]
520	1       32526061
#trying: [52, 21, 46, 54, 44, 13]
521	1       31770367
#trying: [52, 21, 54, 13, 44, 46]
522	1       32857267
#trying: [52, 21, 54, 13, 46, 44]
523	1       33829764
#trying: [52, 21, 54, 44, 13, 46]
524	1       32890981
#trying: [52, 21, 54, 44, 46, 13]
525	1       33812767
#trying: [52, 21, 54, 46, 13, 44]
526	1       42371923
#trying: [52, 21, 54, 46, 44, 13]
527	1       33494896
#trying: [52, 44, 13, 21, 46, 54]
528	1       34174577
#trying: [52, 44, 13, 21, 54, 46]
529	1       34444155
#trying: [52, 44, 13, 46, 21, 54]
530	1       31618182
#trying: [52, 44, 13, 46, 54, 21]
531	1       33225272
#trying: [52, 44, 13, 54, 21, 46]
532	1       36465783
#trying: [52, 44, 13, 54, 46, 21]
533	1       37439557
#trying: [52, 44, 21, 13, 46, 54]
534	1       33082673
#trying: [52, 44, 21, 13, 54, 46]
535	1       38425234
#trying: [52, 44, 21, 46, 13, 54]
536	1       33972758
#trying: [52, 44, 21, 46, 54, 13]
537	1       35326034
#trying: [52, 44, 21, 54, 13, 46]
538	1       36503608
#trying: [52, 44, 21, 54, 46, 13]
539	1       33816881
#trying: [52, 44, 46, 13, 21, 54]
540	1       33748262
#trying: [52, 44, 46, 13, 54, 21]
541	1       38597305
#trying: [52, 44, 46, 21, 13, 54]
542	1       33850553
#trying: [52, 44, 46, 21, 54, 13]
543	1       35770719
#trying: [52, 44, 46, 54, 13, 21]
544	1       36469161
#trying: [52, 44, 46, 54, 21, 13]
545	1       43892709
#trying: [52, 44, 54, 13, 21, 46]
546	1       42610740
#trying: [52, 44, 54, 13, 46, 21]
547	1       39804682
#trying: [52, 44, 54, 21, 13, 46]
548	1       42237697
#trying: [52, 44, 54, 21, 46, 13]
549	1       37718457
#trying: [52, 44, 54, 46, 13, 21]
550	1       43977114
#trying: [52, 44, 54, 46, 21, 13]
551	1       35092980
#trying: [52, 46, 13, 21, 44, 54]
552	1       37584520
#trying: [52, 46, 13, 21, 54, 44]
553	1       47791718
#trying: [52, 46, 13, 44, 21, 54]
554	1       33318595
#trying: [52, 46, 13, 44, 54, 21]
555	1       34242347
#trying: [52, 46, 13, 54, 21, 44]
556	1       32582807
#trying: [52, 46, 13, 54, 44, 21]
557	1       33556321
#trying: [52, 46, 21, 13, 44, 54]
558	1       33580983
#trying: [52, 46, 21, 13, 54, 44]
559	1       33676893
#trying: [52, 46, 21, 44, 13, 54]
560	1       43293965
#trying: [52, 46, 21, 44, 54, 13]
561	1       32939156
#trying: [52, 46, 21, 54, 13, 44]
562	1       33440713
#trying: [52, 46, 21, 54, 44, 13]
563	1       36061289
#trying: [52, 46, 44, 13, 21, 54]
564	1       34005952
#trying: [52, 46, 44, 13, 54, 21]
565	1       32318199
#trying: [52, 46, 44, 21, 13, 54]
566	1       35924634
#trying: [52, 46, 44, 21, 54, 13]
567	1       45337483
#trying: [52, 46, 44, 54, 13, 21]
568	1       44174670
#trying: [52, 46, 44, 54, 21, 13]
569	1       35987451
#trying: [52, 46, 54, 13, 21, 44]
570	1       38499731
#trying: [52, 46, 54, 13, 44, 21]
571	1       40496592
#trying: [52, 46, 54, 21, 13, 44]
572	1       38251583
#trying: [52, 46, 54, 21, 44, 13]
573	1       38109256
#trying: [52, 46, 54, 44, 13, 21]
574	1       34928654
#trying: [52, 46, 54, 44, 21, 13]
575	1       44388028
#trying: [52, 54, 13, 21, 44, 46]
576	1       39316748
#trying: [52, 54, 13, 21, 46, 44]
577	1       33848184
#trying: [52, 54, 13, 44, 21, 46]
578	1       35063585
#trying: [52, 54, 13, 44, 46, 21]
579	1       42067543
#trying: [52, 54, 13, 46, 21, 44]
580	1       34182625
#trying: [52, 54, 13, 46, 44, 21]
581	1       44365801
#trying: [52, 54, 21, 13, 44, 46]
582	1       41749475
#trying: [52, 54, 21, 13, 46, 44]
583	1       49518352
#trying: [52, 54, 21, 44, 13, 46]
584	1       38044345
#trying: [52, 54, 21, 44, 46, 13]
585	1       38095053
#trying: [52, 54, 21, 46, 13, 44]
586	1       43350885
#trying: [52, 54, 21, 46, 44, 13]
587	1       37161343
#trying: [52, 54, 44, 13, 21, 46]
588	1       43266749
#trying: [52, 54, 44, 13, 46, 21]
589	1       34479149
#trying: [52, 54, 44, 21, 13, 46]
590	1       37280521
#trying: [52, 54, 44, 21, 46, 13]
591	1       33864104
#trying: [52, 54, 44, 46, 13, 21]
592	1       38014799
#trying: [52, 54, 44, 46, 21, 13]
593	1       36558992
#trying: [52, 54, 46, 13, 21, 44]
594	1       34787590
#trying: [52, 54, 46, 13, 44, 21]
595	1       33979870
#trying: [52, 54, 46, 21, 13, 44]
596	1       34517979
#trying: [52, 54, 46, 21, 44, 13]
597	1       37372597
#trying: [52, 54, 46, 44, 13, 21]
598	1       34368614
#trying: [52, 54, 46, 44, 21, 13]
599	1       36088649
#trying: [54, 13, 21, 44, 46, 52]
600	1       35846734
#trying: [54, 13, 21, 44, 52, 46]
601	1       33836290
#trying: [54, 13, 21, 46, 44, 52]
602	1       43129421
#trying: [54, 13, 21, 46, 52, 44]
603	1       47899969
#trying: [54, 13, 21, 52, 44, 46]
604	1       37998942
#trying: [54, 13, 21, 52, 46, 44]
605	1       41153194
#trying: [54, 13, 44, 21, 46, 52]
606	1       39095672
#trying: [54, 13, 44, 21, 52, 46]
607	1       36465718
#trying: [54, 13, 44, 46, 21, 52]
608	1       42988989
#trying: [54, 13, 44, 46, 52, 21]
609	1       35689911
#trying: [54, 13, 44, 52, 21, 46]
610	1       33721246
#trying: [54, 13, 44, 52, 46, 21]
611	1       35352323
#trying: [54, 13, 46, 21, 44, 52]
612	1       38294168
#trying: [54, 13, 46, 21, 52, 44]
613	1       38580285
#trying: [54, 13, 46, 44, 21, 52]
614	1       34677252
#trying: [54, 13, 46, 44, 52, 21]
615	1       39825100
#trying: [54, 13, 46, 52, 21, 44]
616	1       41029885
#trying: [54, 13, 46, 52, 44, 21]
617	1       33926645
#trying: [54, 13, 52, 21, 44, 46]
618	1       34256721
#trying: [54, 13, 52, 21, 46, 44]
619	1       38711639
#trying: [54, 13, 52, 44, 21, 46]
620	1       34646716
#trying: [54, 13, 52, 44, 46, 21]
621	1       33649492
#trying: [54, 13, 52, 46, 21, 44]
622	1       38442535
#trying: [54, 13, 52, 46, 44, 21]
623	1       33615513
#trying: [54, 21, 13, 44, 46, 52]
624	1       35715889
#trying: [54, 21, 13, 44, 52, 46]
625	1       39812906
#trying: [54, 21, 13, 46, 44, 52]
626	1       38104304
#trying: [54, 21, 13, 46, 52, 44]
627	1       43193324
#trying: [54, 21, 13, 52, 44, 46]
628	1       36774339
#trying: [54, 21, 13, 52, 46, 44]
629	1       53756192
#trying: [54, 21, 44, 13, 46, 52]
630	1       38264468
#trying: [54, 21, 44, 13, 52, 46]
631	1       38582504
#trying: [54, 21, 44, 46, 13, 52]
632	1       47790305
#trying: [54, 21, 44, 46, 52, 13]
633	1       35521570
#trying: [54, 21, 44, 52, 13, 46]
634	1       36410982
#trying: [54, 21, 44, 52, 46, 13]
635	1       38349939
#trying: [54, 21, 46, 13, 44, 52]
636	1       34918103
#trying: [54, 21, 46, 13, 52, 44]
637	1       35160648
#trying: [54, 21, 46, 44, 13, 52]
638	1       45798448
#trying: [54, 21, 46, 44, 52, 13]
639	1       33201025
#trying: [54, 21, 46, 52, 13, 44]
640	1       40030641
#trying: [54, 21, 46, 52, 44, 13]
641	1       41310846
#trying: [54, 21, 52, 13, 44, 46]
642	1       34600956
#trying: [54, 21, 52, 13, 46, 44]
643	1       35455533
#trying: [54, 21, 52, 44, 13, 46]
644	1       35548672
#trying: [54, 21, 52, 44, 46, 13]
645	1       34336586
#trying: [54, 21, 52, 46, 13, 44]
646	1       34920096
#trying: [54, 21, 52, 46, 44, 13]
647	1       34370513
#trying: [54, 44, 13, 21, 46, 52]
648	1       34682021
#trying: [54, 44, 13, 21, 52, 46]
649	1       34410083
#trying: [54, 44, 13, 46, 21, 52]
650	1       37471533
#trying: [54, 44, 13, 46, 52, 21]
651	1       33912000
#trying: [54, 44, 13, 52, 21, 46]
652	1       36061061
#trying: [54, 44, 13, 52, 46, 21]
653	1       43530234
#trying: [54, 44, 21, 13, 46, 52]
654	1       39516841
#trying: [54, 44, 21, 13, 52, 46]
655	1       37651835
#trying: [54, 44, 21, 46, 13, 52]
656	1       34661769
#trying: [54, 44, 21, 46, 52, 13]
657	1       34904201
#trying: [54, 44, 21, 52, 13, 46]
658	1       36575495
#trying: [54, 44, 21, 52, 46, 13]
659	1       36735038
#trying: [54, 44, 46, 13, 21, 52]
660	1       35238673
#trying: [54, 44, 46, 13, 52, 21]
661	1       36438273
#trying: [54, 44, 46, 21, 13, 52]
662	1       34789034
#trying: [54, 44, 46, 21, 52, 13]
663	1       40801293
#trying: [54, 44, 46, 52, 13, 21]
664	1       34971557
#trying: [54, 44, 46, 52, 21, 13]
665	1       35839624
#trying: [54, 44, 52, 13, 21, 46]
666	1       48049447
#trying: [54, 44, 52, 13, 46, 21]
667	1       33132927
#trying: [54, 44, 52, 21, 13, 46]
668	1       34753786
#trying: [54, 44, 52, 21, 46, 13]
669	1       39991906
#trying: [54, 44, 52, 46, 13, 21]
670	1       36811762
#trying: [54, 44, 52, 46, 21, 13]
671	1       36729566
#trying: [54, 46, 13, 21, 44, 52]
672	1       33048696
#trying: [54, 46, 13, 21, 52, 44]
673	1       33597520
#trying: [54, 46, 13, 44, 21, 52]
674	1       34151682
#trying: [54, 46, 13, 44, 52, 21]
675	1       34971811
#trying: [54, 46, 13, 52, 21, 44]
676	1       42450957
#trying: [54, 46, 13, 52, 44, 21]
677	1       35083226
#trying: [54, 46, 21, 13, 44, 52]
678	1       36456778
#trying: [54, 46, 21, 13, 52, 44]
679	1       36895516
#trying: [54, 46, 21, 44, 13, 52]
680	1       34056838
#trying: [54, 46, 21, 44, 52, 13]
681	1       38735067
#trying: [54, 46, 21, 52, 13, 44]
682	1       44314181
#trying: [54, 46, 21, 52, 44, 13]
683	1       33472073
#trying: [54, 46, 44, 13, 21, 52]
684	1       33979910
#trying: [54, 46, 44, 13, 52, 21]
685	1       47897382
#trying: [54, 46, 44, 21, 13, 52]
686	1       34094468
#trying: [54, 46, 44, 21, 52, 13]
687	1       36972548
#trying: [54, 46, 44, 52, 13, 21]
688	1       43292617
#trying: [54, 46, 44, 52, 21, 13]
689	1       35658789
#trying: [54, 46, 52, 13, 21, 44]
690	1       35157190
#trying: [54, 46, 52, 13, 44, 21]
691	1       38460269
#trying: [54, 46, 52, 21, 13, 44]
692	1       34406403
#trying: [54, 46, 52, 21, 44, 13]
693	1       35303893
#trying: [54, 46, 52, 44, 13, 21]
694	1       34324468
#trying: [54, 46, 52, 44, 21, 13]
695	1       36884455
#trying: [54, 52, 13, 21, 44, 46]
696	1       35035588
#trying: [54, 52, 13, 21, 46, 44]
697	1       35714513
#trying: [54, 52, 13, 44, 21, 46]
698	1       43777943
#trying: [54, 52, 13, 44, 46, 21]
699	1       34648547
#trying: [54, 52, 13, 46, 21, 44]
700	1       33615206
#trying: [54, 52, 13, 46, 44, 21]
701	1       34672939
#trying: [54, 52, 21, 13, 44, 46]
702	1       34222895
#trying: [54, 52, 21, 13, 46, 44]
703	1       33091494
#trying: [54, 52, 21, 44, 13, 46]
704	1       48004837
#trying: [54, 52, 21, 44, 46, 13]
705	1       40028166
#trying: [54, 52, 21, 46, 13, 44]
706	1       33985801
#trying: [54, 52, 21, 46, 44, 13]
707	1       34844754
#trying: [54, 52, 44, 13, 21, 46]
708	1       38910422
#trying: [54, 52, 44, 13, 46, 21]
709	1       37149125
#trying: [54, 52, 44, 21, 13, 46]
710	1       46402105
#trying: [54, 52, 44, 21, 46, 13]
711	1       36848779
#trying: [54, 52, 44, 46, 13, 21]
712	1       34857916
#trying: [54, 52, 44, 46, 21, 13]
713	1       42638390
#trying: [54, 52, 46, 13, 21, 44]
714	1       34966295
#trying: [54, 52, 46, 13, 44, 21]
715	1       34428744
#trying: [54, 52, 46, 21, 13, 44]
716	1       36660937
#trying: [54, 52, 46, 21, 44, 13]
717	1       35953790
#trying: [54, 52, 46, 44, 13, 21]
718	1       33506405
#trying: [54, 52, 46, 44, 21, 13]
719	1       35176777
