#PROBLEM: aim-50-1_6-no-4 & longest chain length: 5 & average chain length: 2.4348 & median chain length: 2 & varNum: 50 & clauseNum: 80 & chains: 23 & timeout: 40s 
#original chain with index 26: [9, 90, 91, 88, 8] 
#trying: [90, 9, 8, 91, 88]
0	1       164335316
#trying: [9, 88, 8, 91, 90]
1	1       162422296
#trying: [8, 91, 9, 88, 90]
2	1       39431853
#trying: [90, 88, 91, 9, 8]
3	1       48433955
#trying: [88, 8, 91, 9, 90]
4	1       42189250
#trying: [91, 8, 88, 9, 90]
5	1       52445768
#trying: [88, 8, 90, 9, 91]
6	1       40186929
#trying: [8, 9, 90, 91, 88]
7	1       44774293
#trying: [91, 9, 88, 8, 90]
8	1       38787963
#trying: [8, 90, 91, 9, 88]
9	1       52838767
#trying: [9, 90, 88, 8, 91]
10	1       41756876
#trying: [91, 9, 88, 90, 8]
11	1       45702795
#trying: [9, 8, 90, 91, 88]
12	1       40817731
#trying: [88, 8, 91, 90, 9]
13	1       163008880
#trying: [9, 91, 8, 90, 88]
14	1       160239692
#trying: [88, 9, 91, 8, 90]
15	1       161958030
#trying: [88, 90, 8, 9, 91]
16	1       38351469
#trying: [9, 90, 88, 91, 8]
17	1       40651785
#trying: [8, 88, 91, 9, 90]
18	1       39737792
#trying: [91, 90, 88, 8, 9]
19	1       36579102
#trying: [88, 90, 9, 8, 91]
20	1       45264902
#trying: [90, 8, 88, 9, 91]
21	1       156844359
#trying: [90, 91, 8, 88, 9]
22	1       163268533
#trying: [90, 8, 9, 91, 88]
23	1       159726543
#trying: [90, 88, 9, 8, 91]
24	1       37926649
#trying: [9, 91, 8, 88, 90]
25	1       41913970
#trying: [88, 91, 9, 90, 8]
26	1       42827039
#trying: [91, 8, 90, 88, 9]
27	1       46506723
#trying: [8, 91, 90, 88, 9]
28	1       40897419
#trying: [91, 90, 8, 88, 9]
29	1       160701619
#trying: [91, 9, 8, 88, 90]
30	1       160013507
#trying: [90, 91, 88, 9, 8]
31	1       165482293
#trying: [90, 8, 88, 91, 9]
32	1       166910251
#trying: [91, 90, 8, 9, 88]
33	1       162521310
#trying: [8, 90, 91, 88, 9]
34	1       169130634
#trying: [8, 88, 90, 91, 9]
35	1       164128318
#trying: [88, 9, 8, 90, 91]
36	1       168315521
#trying: [90, 88, 9, 91, 8]
37	1       177157953
#trying: [91, 8, 90, 9, 88]
38	1       157870136
#trying: [88, 91, 9, 8, 90]
39	1       171685593
#trying: [88, 91, 8, 9, 90]
40	1       170175577
#trying: [8, 9, 88, 91, 90]
41	1       41316383
#trying: [8, 90, 88, 91, 9]
42	1       41126151
#trying: [9, 90, 8, 91, 88]
43	1       39854704
#trying: [90, 91, 8, 9, 88]
44	1       38247889
#trying: [88, 9, 8, 91, 90]
45	1       42664858
#trying: [90, 8, 91, 9, 88]
46	1       158463764
#trying: [91, 90, 9, 88, 8]
47	1       167454924
#trying: [9, 88, 8, 90, 91]
48	1       160308033
#trying: [9, 88, 90, 91, 8]
49	1       170771755
#trying: [91, 8, 88, 90, 9]
50	1       164495850
#trying: [90, 9, 91, 8, 88]
51	1       166995201
#trying: [9, 8, 91, 88, 90]
52	1       159850547
#trying: [91, 88, 8, 9, 90]
53	1       169732249
#trying: [8, 88, 9, 91, 90]
54	1       171437944
#trying: [88, 8, 9, 91, 90]
55	1       167236632
#trying: [90, 88, 8, 9, 91]
56	1       164586355
#trying: [90, 91, 9, 88, 8]
57	1       170338691
#trying: [91, 88, 90, 8, 9]
58	1       165846334
#trying: [90, 9, 91, 88, 8]
59	1       171127561
#trying: [88, 91, 8, 90, 9]
60	1       172227330
#trying: [90, 8, 91, 88, 9]
61	1       167430277
#trying: [8, 9, 88, 90, 91]
62	1       165888681
#trying: [8, 88, 91, 90, 9]
63	1       167149608
#trying: [9, 88, 90, 8, 91]
64	1       164627648
#trying: [91, 88, 8, 90, 9]
65	1       160090252
#trying: [88, 9, 90, 91, 8]
66	1       39067788
#trying: [88, 90, 91, 9, 8]
67	1       44051303
#trying: [90, 91, 9, 8, 88]
68	1       38231987
#trying: [9, 8, 88, 90, 91]
69	1       50924485
#trying: [88, 90, 91, 8, 9]
70	1       38198881
#trying: [91, 90, 88, 9, 8]
71	1       36435595
#trying: [91, 9, 90, 88, 8]
72	1       158422656
#trying: [91, 9, 90, 8, 88]
73	1       164456929
#trying: [8, 9, 91, 88, 90]
74	1       163929678
#trying: [88, 91, 90, 9, 8]
75	1       171301274
#trying: [9, 90, 8, 88, 91]
76	1       164753214
#trying: [8, 91, 88, 90, 9]
77	1       37907620
#trying: [90, 8, 9, 88, 91]
78	1       50812220
#trying: [9, 91, 88, 8, 90]
79	1       43486476
#trying: [8, 9, 90, 88, 91]
80	1       40126549
#trying: [90, 88, 8, 91, 9]
81	1       43383064
#trying: [91, 8, 9, 90, 88]
82	1       38533285
#trying: [8, 90, 9, 88, 91]
83	1       37579814
#trying: [88, 8, 9, 90, 91]
84	1       170209205
#trying: [8, 91, 9, 90, 88]
85	1       49667986
#trying: [9, 8, 91, 90, 88]
86	1       159449919
#trying: [8, 90, 88, 9, 91]
87	1       173167035
#trying: [9, 91, 90, 8, 88]
88	1       157248214
#trying: [88, 90, 9, 91, 8]
89	1       160519832
#trying: [8, 91, 90, 9, 88]
90	1       162391247
#trying: [88, 9, 91, 90, 8]
91	1       168678520
#trying: [88, 90, 8, 91, 9]
92	1       39868835
#trying: [8, 90, 9, 91, 88]
93	1       182120617
#trying: [88, 91, 90, 8, 9]
94	1       171258476
#trying: [9, 8, 90, 88, 91]
95	1       41060490
#trying: [9, 8, 88, 91, 90]
96	1       171821432
#trying: [9, 90, 91, 8, 88]
97	1       40329690
#trying: [8, 88, 90, 9, 91]
98	1       43698767
#trying: [91, 8, 9, 88, 90]
99	1       41068243
#trying: [90, 88, 91, 8, 9]
100	1       52262858
#trying: [88, 8, 90, 91, 9]
101	1       51088328
#trying: [90, 9, 88, 8, 91]
102	1       44004145
#trying: [9, 88, 91, 8, 90]
103	1       53240775
#trying: [9, 91, 90, 88, 8]
104	1       45012068
#trying: [8, 9, 91, 90, 88]
105	1       38279945
#trying: [9, 91, 88, 90, 8]
106	1       45909305
#trying: [91, 90, 9, 8, 88]
107	1       60086472
#trying: [91, 9, 8, 90, 88]
108	1       38136700
#trying: [91, 88, 9, 8, 90]
109	1       46163351
#trying: [91, 88, 90, 9, 8]
110	1       40659221
#trying: [90, 91, 88, 8, 9]
111	1       50786539
#trying: [90, 9, 88, 91, 8]
112	1       43869028
#trying: [88, 9, 90, 8, 91]
113	1       41360236
#trying: [8, 88, 9, 90, 91]
114	1       156553077
#trying: [9, 90, 91, 88, 8]
115	1       167079487
#trying: [8, 91, 88, 9, 90]
116	1       162778071
#trying: [91, 88, 9, 90, 8]
117	1       167578710
#trying: [9, 88, 91, 90, 8]
118	1       177707018
#trying: [90, 9, 8, 88, 91]
119	1       160788489
