#PROBLEM: aim-50-1_6-no-1 & longest chain length: 6 & average chain length: 2.625 & median chain length: 2.0 & varNum: 50 & clauseNum: 80 & chains: 16 & timeout: 40s 
#original chain with index 27: [9, 8, 10, 5, 82, 77] 
#trying: [82, 9, 5, 8, 77, 10]
0	1       60697578
#trying: [5, 77, 10, 82, 8, 9]
1	1       44524511
#trying: [5, 82, 9, 8, 77, 10]
2	1       53098407
#trying: [82, 9, 5, 10, 8, 77]
3	1       55222342
#trying: [5, 8, 82, 10, 9, 77]
4	1       58377125
#trying: [82, 5, 77, 10, 8, 9]
5	1       46283326
#trying: [10, 82, 5, 8, 77, 9]
6	1       38640444
#trying: [9, 10, 5, 8, 77, 82]
7	1       51921761
#trying: [8, 9, 5, 10, 77, 82]
8	1       41066545
#trying: [82, 10, 5, 8, 77, 9]
9	1       51325055
#trying: [8, 77, 82, 5, 10, 9]
10	1       43792916
#trying: [8, 10, 9, 5, 82, 77]
11	1       40507643
#trying: [5, 82, 8, 77, 9, 10]
12	1       49327887
#trying: [77, 9, 8, 5, 10, 82]
13	1       38569788
#trying: [10, 82, 77, 8, 5, 9]
14	1       45926127
#trying: [9, 5, 77, 8, 10, 82]
15	1       41915264
#trying: [82, 10, 8, 5, 77, 9]
16	1       40128672
#trying: [9, 82, 77, 10, 8, 5]
17	1       46319686
#trying: [5, 82, 77, 10, 9, 8]
18	1       37862437
#trying: [9, 10, 77, 8, 5, 82]
19	1       38932900
#trying: [8, 5, 10, 9, 77, 82]
20	1       41962485
#trying: [82, 77, 9, 10, 5, 8]
21	1       36852797
#trying: [10, 5, 8, 9, 77, 82]
22	1       44925994
#trying: [10, 82, 9, 77, 5, 8]
23	1       46184916
#trying: [9, 8, 82, 77, 5, 10]
24	1       37351248
#trying: [82, 77, 10, 9, 8, 5]
25	1       46444361
#trying: [82, 5, 10, 9, 77, 8]
26	1       49115590
#trying: [82, 10, 9, 77, 5, 8]
27	1       41553823
#trying: [77, 5, 9, 82, 10, 8]
28	1       39227813
#trying: [77, 9, 82, 8, 5, 10]
29	1       47935625
#trying: [10, 9, 82, 77, 5, 8]
30	1       47990951
#trying: [82, 9, 10, 5, 77, 8]
31	1       50372061
#trying: [9, 82, 8, 10, 5, 77]
32	1       44987226
#trying: [8, 5, 9, 10, 82, 77]
33	1       44112797
#trying: [82, 5, 77, 8, 9, 10]
34	1       44385067
#trying: [9, 5, 77, 82, 8, 10]
35	1       46304981
#trying: [9, 8, 10, 5, 77, 82]
36	1       43919446
#trying: [8, 77, 82, 10, 9, 5]
37	1       37632347
#trying: [10, 9, 82, 5, 77, 8]
38	1       42059263
#trying: [77, 5, 10, 8, 9, 82]
39	1       40281825
#trying: [82, 77, 5, 8, 10, 9]
40	1       43678954
#trying: [77, 82, 10, 9, 8, 5]
41	1       40267000
#trying: [82, 9, 10, 77, 8, 5]
42	1       39130468
#trying: [77, 10, 9, 82, 8, 5]
43	1       45433739
#trying: [8, 10, 77, 82, 5, 9]
44	1       45170458
#trying: [82, 8, 10, 5, 77, 9]
45	1       42450837
#trying: [77, 8, 10, 5, 9, 82]
46	1       35870867
#trying: [5, 77, 9, 10, 8, 82]
47	1       49080795
#trying: [77, 82, 8, 10, 5, 9]
48	1       38792079
#trying: [10, 77, 82, 9, 8, 5]
49	1       48386993
#trying: [9, 10, 82, 5, 8, 77]
50	1       42579699
#trying: [10, 8, 82, 9, 5, 77]
51	1       52019349
#trying: [9, 8, 5, 77, 10, 82]
52	1       43758886
#trying: [82, 77, 8, 5, 9, 10]
53	1       36353120
#trying: [77, 10, 82, 9, 5, 8]
54	1       43808361
#trying: [10, 82, 9, 5, 77, 8]
55	1       35844146
#trying: [77, 82, 5, 9, 10, 8]
56	1       36304334
#trying: [8, 77, 9, 82, 5, 10]
57	1       41284083
#trying: [77, 9, 5, 10, 82, 8]
58	1       41097089
#trying: [5, 10, 9, 77, 82, 8]
59	1       41147608
#trying: [10, 8, 77, 5, 82, 9]
60	1       37881874
#trying: [5, 8, 82, 9, 77, 10]
61	1       40368998
#trying: [82, 77, 10, 9, 5, 8]
62	1       40416274
#trying: [10, 77, 5, 8, 82, 9]
63	1       43276828
#trying: [5, 8, 77, 10, 9, 82]
64	1       41440013
#trying: [10, 5, 9, 8, 77, 82]
65	1       36736495
#trying: [10, 77, 82, 5, 8, 9]
66	1       41233966
#trying: [8, 82, 77, 10, 5, 9]
67	1       39190088
#trying: [9, 77, 5, 10, 8, 82]
68	1       41822908
#trying: [10, 8, 9, 5, 82, 77]
69	1       37282298
#trying: [8, 77, 5, 10, 82, 9]
70	1       43304021
#trying: [10, 82, 8, 77, 5, 9]
71	1       40817810
#trying: [5, 77, 82, 8, 10, 9]
72	1       41417687
#trying: [5, 10, 9, 77, 8, 82]
73	1       52045149
#trying: [9, 5, 77, 82, 10, 8]
74	1       43655705
#trying: [82, 8, 9, 5, 10, 77]
75	1       43797379
#trying: [5, 82, 10, 8, 77, 9]
76	1       43714284
#trying: [82, 8, 5, 77, 10, 9]
77	1       41113783
#trying: [77, 5, 82, 9, 8, 10]
78	1       38536645
#trying: [82, 10, 5, 8, 9, 77]
79	1       40067197
#trying: [9, 8, 77, 82, 5, 10]
80	1       52425910
#trying: [82, 8, 9, 10, 5, 77]
81	1       41834771
#trying: [9, 82, 10, 8, 77, 5]
82	1       39467328
#trying: [82, 5, 8, 77, 9, 10]
83	1       45828114
#trying: [82, 77, 5, 9, 10, 8]
84	1       38696176
#trying: [77, 9, 10, 5, 8, 82]
85	1       37846179
#trying: [82, 5, 10, 8, 77, 9]
86	1       44655158
#trying: [82, 5, 8, 77, 10, 9]
87	1       40819372
#trying: [77, 8, 9, 82, 10, 5]
88	1       42719713
#trying: [77, 8, 82, 9, 5, 10]
89	1       42258598
#trying: [5, 10, 9, 82, 77, 8]
90	1       40782350
#trying: [5, 8, 10, 77, 82, 9]
91	1       42125623
#trying: [77, 9, 10, 8, 5, 82]
92	1       35887863
#trying: [5, 10, 82, 8, 77, 9]
93	1       41930762
#trying: [8, 77, 82, 10, 5, 9]
94	1       48733678
#trying: [9, 8, 77, 5, 82, 10]
95	1       40148794
#trying: [10, 77, 5, 9, 82, 8]
96	1       41656902
#trying: [10, 82, 8, 9, 5, 77]
97	1       41384144
#trying: [77, 9, 82, 5, 8, 10]
98	1       39459439
#trying: [5, 10, 9, 8, 77, 82]
99	1       43808148
#trying: [8, 77, 5, 9, 82, 10]
100	1       39537123
#trying: [82, 77, 10, 5, 8, 9]
101	1       40042486
#trying: [82, 8, 10, 5, 9, 77]
102	1       38825992
#trying: [8, 10, 9, 77, 5, 82]
103	1       38241009
#trying: [77, 9, 5, 82, 10, 8]
104	1       35577691
#trying: [8, 9, 10, 82, 77, 5]
105	1       40183366
#trying: [10, 9, 82, 5, 8, 77]
106	1       46492485
#trying: [77, 8, 10, 82, 9, 5]
107	1       41860579
#trying: [82, 8, 77, 5, 10, 9]
108	1       42243408
#trying: [77, 8, 82, 10, 9, 5]
109	1       45376296
#trying: [5, 9, 10, 82, 77, 8]
110	1       52645459
#trying: [10, 9, 5, 8, 82, 77]
111	1       43973917
#trying: [5, 10, 82, 77, 8, 9]
112	1       42039742
#trying: [77, 10, 8, 5, 9, 82]
113	1       40685247
#trying: [10, 9, 77, 82, 8, 5]
114	1       46660540
#trying: [82, 77, 9, 5, 10, 8]
115	1       48094501
#trying: [77, 9, 5, 82, 8, 10]
116	1       47940947
#trying: [10, 5, 77, 8, 82, 9]
117	1       39800265
#trying: [10, 5, 77, 8, 9, 82]
118	1       39985261
#trying: [82, 5, 77, 10, 9, 8]
119	1       38831960
#trying: [82, 8, 5, 77, 9, 10]
120	1       47582116
#trying: [82, 10, 9, 8, 5, 77]
121	1       37681006
#trying: [10, 82, 9, 8, 77, 5]
122	1       49126761
#trying: [5, 77, 10, 9, 8, 82]
123	1       57912816
#trying: [5, 82, 8, 9, 77, 10]
124	1       47146871
#trying: [5, 82, 10, 77, 8, 9]
125	1       52011750
#trying: [5, 9, 8, 77, 82, 10]
126	1       45813692
#trying: [9, 10, 5, 77, 82, 8]
127	1       41673273
#trying: [10, 82, 77, 9, 8, 5]
128	1       44902049
#trying: [9, 10, 5, 8, 82, 77]
129	1       46591687
#trying: [9, 8, 77, 5, 10, 82]
130	1       46124110
#trying: [5, 77, 9, 82, 8, 10]
131	1       41300794
#trying: [82, 10, 8, 5, 9, 77]
132	1       42267442
#trying: [82, 77, 9, 8, 10, 5]
133	1       45018846
#trying: [5, 10, 9, 8, 82, 77]
134	1       37949103
#trying: [8, 10, 82, 9, 77, 5]
135	1       47318764
#trying: [77, 8, 9, 82, 5, 10]
136	1       42252497
#trying: [8, 82, 9, 77, 10, 5]
137	1       46401545
#trying: [82, 5, 8, 9, 77, 10]
138	1       42516791
#trying: [10, 5, 8, 82, 77, 9]
139	1       41255739
#trying: [9, 82, 10, 8, 5, 77]
140	1       38203859
#trying: [82, 10, 5, 77, 9, 8]
141	1       42784088
#trying: [5, 9, 8, 10, 77, 82]
142	1       42568534
#trying: [9, 5, 8, 10, 82, 77]
143	1       38569124
#trying: [5, 82, 77, 10, 8, 9]
144	1       39963558
#trying: [82, 10, 9, 77, 8, 5]
145	1       38827935
#trying: [8, 10, 9, 77, 82, 5]
146	1       42122263
#trying: [9, 8, 82, 5, 10, 77]
147	1       41348030
#trying: [77, 82, 5, 10, 8, 9]
148	1       40219584
#trying: [9, 82, 10, 77, 8, 5]
149	1       45531631
#trying: [10, 77, 82, 9, 5, 8]
150	1       41175254
#trying: [77, 5, 10, 82, 8, 9]
151	1       39412208
#trying: [77, 82, 8, 10, 9, 5]
152	1       36244027
#trying: [8, 82, 9, 5, 10, 77]
153	1       42807494
#trying: [77, 9, 5, 8, 82, 10]
154	1       38612494
#trying: [77, 82, 9, 10, 5, 8]
155	1       38294073
#trying: [9, 10, 77, 5, 8, 82]
156	1       37019853
#trying: [5, 9, 10, 8, 77, 82]
157	1       38307418
#trying: [82, 5, 8, 9, 10, 77]
158	1       43115455
#trying: [5, 10, 77, 8, 82, 9]
159	1       40081388
#trying: [77, 10, 82, 9, 8, 5]
160	1       37385018
#trying: [9, 8, 82, 10, 5, 77]
161	1       42261626
#trying: [5, 10, 77, 82, 8, 9]
162	1       38874869
#trying: [82, 10, 77, 5, 9, 8]
163	1       44478338
#trying: [8, 9, 82, 77, 5, 10]
164	1       41152805
#trying: [77, 82, 10, 9, 5, 8]
165	1       44274730
#trying: [10, 8, 5, 77, 82, 9]
166	1       50659882
#trying: [8, 9, 82, 10, 77, 5]
167	1       56064386
#trying: [8, 5, 77, 10, 9, 82]
168	1       52190068
#trying: [9, 5, 8, 10, 77, 82]
169	1       39743286
#trying: [5, 77, 9, 82, 10, 8]
170	1       53186047
#trying: [9, 8, 5, 82, 10, 77]
171	1       46609150
#trying: [10, 82, 9, 8, 5, 77]
172	1       44586384
#trying: [5, 9, 77, 8, 10, 82]
173	1       45342731
#trying: [10, 77, 9, 5, 82, 8]
174	1       42775402
#trying: [10, 5, 82, 8, 9, 77]
175	1       39793890
#trying: [82, 10, 77, 9, 5, 8]
176	1       41087048
#trying: [82, 5, 10, 8, 9, 77]
177	1       47056384
#trying: [8, 82, 77, 5, 9, 10]
178	1       40165452
#trying: [10, 77, 8, 5, 9, 82]
179	1       42820889
#trying: [9, 5, 82, 8, 77, 10]
180	1       41973798
#trying: [9, 5, 10, 8, 82, 77]
181	1       42430042
#trying: [9, 77, 10, 8, 82, 5]
182	1       42673612
#trying: [82, 8, 77, 10, 5, 9]
183	1       43817181
#trying: [9, 5, 10, 82, 8, 77]
184	1       36663208
#trying: [9, 82, 8, 77, 10, 5]
185	1       37546791
#trying: [5, 77, 82, 9, 10, 8]
186	1       39442148
#trying: [77, 10, 9, 5, 82, 8]
187	1       36756786
#trying: [10, 8, 5, 9, 82, 77]
188	1       46001652
#trying: [5, 8, 82, 77, 10, 9]
189	1       43874462
#trying: [8, 77, 9, 5, 82, 10]
190	1       40577665
#trying: [9, 8, 10, 82, 77, 5]
191	1       39395705
#trying: [9, 10, 8, 82, 77, 5]
192	1       40850960
#trying: [77, 9, 5, 10, 8, 82]
193	1       41728772
#trying: [10, 9, 82, 8, 5, 77]
194	1       46485044
#trying: [8, 9, 82, 5, 10, 77]
195	1       39125219
#trying: [8, 10, 5, 77, 82, 9]
196	1       59203916
#trying: [10, 9, 8, 77, 82, 5]
197	1       43503666
#trying: [8, 77, 9, 10, 82, 5]
198	1       40126298
#trying: [82, 9, 10, 8, 5, 77]
199	1       52364963
#trying: [10, 8, 9, 82, 5, 77]
200	1       42902203
#trying: [82, 5, 10, 77, 9, 8]
201	1       44489728
#trying: [9, 10, 77, 8, 82, 5]
202	1       54219586
#trying: [9, 8, 5, 10, 77, 82]
203	1       45712328
#trying: [77, 10, 9, 8, 5, 82]
204	1       41057388
#trying: [9, 5, 8, 82, 10, 77]
205	1       39077581
#trying: [77, 82, 8, 9, 10, 5]
206	1       43013997
#trying: [77, 82, 5, 10, 9, 8]
207	1       52514542
#trying: [9, 82, 77, 5, 10, 8]
208	1       50432873
#trying: [9, 8, 10, 5, 82, 77]
209	1       43914823
#trying: [9, 8, 82, 5, 77, 10]
210	1       57238754
#trying: [82, 10, 77, 8, 5, 9]
211	1       55502964
#trying: [5, 9, 82, 77, 10, 8]
212	1       37209328
#trying: [10, 77, 5, 82, 9, 8]
213	1       43063292
#trying: [10, 82, 8, 9, 77, 5]
214	1       40591832
#trying: [77, 9, 82, 10, 8, 5]
215	1       43879766
#trying: [8, 9, 82, 10, 5, 77]
216	1       47855776
#trying: [77, 5, 9, 8, 10, 82]
217	1       44362949
#trying: [82, 10, 5, 9, 77, 8]
218	1       39794997
#trying: [82, 8, 77, 9, 5, 10]
219	1       43407335
#trying: [8, 77, 9, 82, 10, 5]
220	1       61613262
#trying: [10, 8, 5, 82, 9, 77]
221	1       49087337
#trying: [8, 10, 77, 9, 82, 5]
222	1       52615775
#trying: [8, 9, 77, 82, 5, 10]
223	1       59932126
#trying: [77, 82, 8, 9, 5, 10]
224	1       64942769
#trying: [5, 9, 82, 10, 8, 77]
225	1       62580486
#trying: [9, 77, 8, 10, 82, 5]
226	1       35877437
#trying: [82, 77, 10, 5, 9, 8]
227	1       50622818
#trying: [8, 77, 10, 82, 5, 9]
228	1       49172960
#trying: [77, 10, 9, 5, 8, 82]
229	1       38301141
#trying: [77, 9, 10, 82, 5, 8]
230	1       55801330
#trying: [77, 5, 9, 10, 82, 8]
231	1       55369150
#trying: [9, 10, 8, 77, 82, 5]
232	1       48921007
#trying: [77, 9, 8, 82, 5, 10]
233	1       60345752
#trying: [5, 10, 9, 82, 8, 77]
234	1       44689183
#trying: [8, 77, 10, 5, 9, 82]
235	1       43055860
#trying: [77, 82, 10, 5, 9, 8]
236	1       39581703
#trying: [5, 9, 10, 82, 8, 77]
237	1       64323482
#trying: [8, 9, 5, 82, 77, 10]
238	1       39112838
#trying: [82, 77, 8, 9, 5, 10]
239	1       43962208
#trying: [5, 82, 9, 8, 10, 77]
240	1       52666925
#trying: [77, 10, 9, 8, 82, 5]
241	1       49864628
#trying: [10, 9, 8, 82, 5, 77]
242	1       53466692
#trying: [5, 10, 82, 9, 77, 8]
243	1       57947314
#trying: [8, 77, 10, 9, 5, 82]
244	1       62620404
#trying: [77, 10, 5, 82, 8, 9]
245	1       53216838
#trying: [77, 5, 82, 10, 8, 9]
246	1       50587641
#trying: [77, 8, 10, 82, 5, 9]
247	1       52460411
#trying: [82, 9, 77, 10, 8, 5]
248	1       44049166
#trying: [8, 10, 9, 5, 77, 82]
249	1       62597868
#trying: [5, 77, 82, 8, 9, 10]
250	1       45548243
#trying: [9, 5, 77, 10, 8, 82]
251	1       45627300
#trying: [10, 5, 8, 9, 82, 77]
252	1       47223504
#trying: [9, 82, 10, 5, 8, 77]
253	1       56189586
#trying: [8, 10, 82, 77, 5, 9]
254	1       39162859
#trying: [10, 9, 8, 77, 5, 82]
255	1       56080371
#trying: [10, 5, 82, 9, 8, 77]
256	1       50068483
#trying: [10, 9, 8, 82, 77, 5]
257	1       49347850
#trying: [10, 9, 77, 8, 82, 5]
258	1       48464256
#trying: [9, 10, 82, 5, 77, 8]
259	1       41856864
#trying: [10, 8, 77, 5, 9, 82]
260	1       44779461
#trying: [8, 10, 77, 5, 82, 9]
261	1       60882625
#trying: [9, 82, 5, 77, 8, 10]
262	1       46924074
#trying: [8, 9, 10, 82, 5, 77]
263	1       65931560
#trying: [8, 82, 10, 9, 5, 77]
264	1       45352337
#trying: [10, 5, 9, 82, 8, 77]
265	1       58411163
#trying: [9, 5, 8, 77, 82, 10]
266	1       46739607
#trying: [77, 8, 5, 9, 82, 10]
267	1       44769216
#trying: [10, 77, 82, 5, 9, 8]
268	1       53558805
#trying: [77, 9, 8, 10, 82, 5]
269	1       37394470
#trying: [5, 82, 10, 9, 77, 8]
270	1       41936613
#trying: [8, 10, 77, 5, 9, 82]
271	1       42644029
#trying: [5, 77, 82, 9, 8, 10]
272	1       48810530
#trying: [77, 5, 9, 82, 8, 10]
273	1       39682850
#trying: [77, 10, 9, 82, 5, 8]
274	1       43815417
#trying: [82, 5, 8, 10, 77, 9]
275	1       49613465
#trying: [8, 5, 9, 10, 77, 82]
276	1       50250582
#trying: [8, 10, 9, 82, 5, 77]
277	1       62801140
#trying: [77, 9, 82, 8, 10, 5]
278	1       64549515
#trying: [77, 8, 5, 82, 9, 10]
279	1       53166191
#trying: [8, 5, 82, 77, 9, 10]
280	1       54341363
#trying: [10, 82, 9, 5, 8, 77]
281	1       57444891
#trying: [9, 5, 82, 8, 10, 77]
282	1       53450122
#trying: [5, 10, 8, 77, 82, 9]
283	1       37829488
#trying: [77, 9, 8, 10, 5, 82]
284	1       48967958
#trying: [5, 82, 77, 8, 10, 9]
285	1       43609180
#trying: [10, 9, 8, 5, 77, 82]
286	1       54299458
#trying: [82, 5, 9, 77, 8, 10]
287	1       65167066
#trying: [77, 82, 9, 10, 8, 5]
288	1       53308990
#trying: [82, 5, 8, 10, 9, 77]
289	1       59587140
#trying: [82, 77, 8, 9, 10, 5]
290	1       60834545
#trying: [8, 82, 5, 77, 10, 9]
291	1       50483295
#trying: [8, 9, 82, 77, 10, 5]
292	1       57482807
#trying: [5, 77, 8, 9, 10, 82]
293	1       44673334
#trying: [5, 10, 77, 82, 9, 8]
294	1       54945157
#trying: [77, 8, 5, 82, 10, 9]
295	1       40537102
#trying: [8, 82, 9, 5, 77, 10]
296	1       59727792
#trying: [77, 8, 9, 5, 10, 82]
297	1       47444411
#trying: [82, 9, 5, 10, 77, 8]
298	1       48581547
#trying: [5, 10, 8, 82, 9, 77]
299	1       48941911
#trying: [10, 9, 5, 82, 77, 8]
300	1       45526012
#trying: [10, 77, 82, 8, 9, 5]
301	1       50731049
#trying: [10, 82, 8, 5, 9, 77]
302	1       59654014
#trying: [77, 82, 9, 5, 10, 8]
303	1       41129849
#trying: [82, 9, 8, 5, 77, 10]
304	1       43660851
#trying: [77, 82, 9, 8, 10, 5]
305	1       45144043
#trying: [82, 10, 5, 77, 8, 9]
306	1       42303846
#trying: [5, 9, 8, 82, 77, 10]
307	1       42120178
#trying: [9, 8, 77, 10, 5, 82]
308	1       38883884
#trying: [10, 8, 82, 9, 77, 5]
309	1       46332657
#trying: [5, 8, 10, 9, 82, 77]
310	1       43605031
#trying: [9, 8, 77, 10, 82, 5]
311	1       42046103
#trying: [82, 9, 77, 5, 10, 8]
312	1       46934879
#trying: [9, 77, 5, 82, 10, 8]
313	1       41337833
#trying: [82, 5, 9, 10, 8, 77]
314	1       38180078
#trying: [77, 10, 8, 5, 82, 9]
315	1       38885029
#trying: [77, 9, 82, 10, 5, 8]
316	1       43430929
#trying: [10, 77, 5, 82, 8, 9]
317	1       44976217
#trying: [77, 5, 82, 9, 10, 8]
318	1       40886666
#trying: [5, 82, 9, 10, 8, 77]
319	1       45441796
#trying: [5, 9, 82, 8, 77, 10]
320	1       47782238
#trying: [8, 82, 10, 5, 77, 9]
321	1       61534909
#trying: [82, 5, 77, 9, 8, 10]
322	1       46813728
#trying: [5, 82, 8, 10, 77, 9]
323	1       48152321
#trying: [82, 9, 77, 8, 5, 10]
324	1       53012793
#trying: [8, 5, 9, 82, 10, 77]
325	1       47242404
#trying: [5, 9, 77, 82, 10, 8]
326	1       37981970
#trying: [8, 5, 10, 77, 9, 82]
327	1       41354262
#trying: [9, 5, 10, 77, 8, 82]
328	1       46359318
#trying: [5, 82, 10, 77, 9, 8]
329	1       47586594
#trying: [8, 5, 10, 9, 82, 77]
330	1       46792640
#trying: [77, 82, 5, 8, 9, 10]
331	1       46383180
#trying: [9, 77, 8, 5, 10, 82]
332	1       50687105
#trying: [82, 9, 10, 77, 5, 8]
333	1       56198143
#trying: [77, 82, 8, 5, 10, 9]
334	1       54390323
#trying: [5, 82, 77, 9, 8, 10]
335	1       63326813
#trying: [8, 77, 9, 10, 5, 82]
336	1       45388271
#trying: [10, 9, 5, 8, 77, 82]
337	1       48275905
#trying: [8, 82, 9, 77, 5, 10]
338	1       44926920
#trying: [9, 8, 10, 77, 82, 5]
339	1       39585473
#trying: [82, 10, 77, 9, 8, 5]
340	1       38968005
#trying: [9, 5, 82, 10, 77, 8]
341	1       48643492
#trying: [82, 10, 8, 9, 5, 77]
342	1       45827980
#trying: [10, 8, 9, 77, 82, 5]
343	1       48339023
#trying: [5, 9, 77, 82, 8, 10]
344	1       54188549
#trying: [10, 77, 9, 82, 5, 8]
345	1       49065783
#trying: [8, 5, 77, 9, 82, 10]
346	1       50096364
#trying: [9, 82, 5, 8, 77, 10]
347	1       44506743
#trying: [82, 10, 77, 5, 8, 9]
348	1       55851108
#trying: [8, 82, 10, 77, 9, 5]
349	1       50634409
#trying: [82, 77, 5, 10, 9, 8]
350	1       57716579
#trying: [5, 8, 77, 9, 82, 10]
351	1       62580816
#trying: [8, 9, 10, 5, 82, 77]
352	1       46828485
#trying: [5, 9, 77, 10, 82, 8]
353	1       55939536
#trying: [77, 82, 10, 8, 5, 9]
354	1       45676160
#trying: [5, 77, 82, 10, 9, 8]
355	1       41884971
#trying: [77, 82, 5, 9, 8, 10]
356	1       39700690
#trying: [77, 10, 5, 9, 8, 82]
357	1       39083332
#trying: [10, 82, 5, 77, 9, 8]
358	1       38691292
#trying: [8, 5, 10, 77, 82, 9]
359	1       38273548
#trying: [5, 9, 82, 77, 8, 10]
360	1       45805808
#trying: [82, 9, 5, 77, 8, 10]
361	1       46158795
#trying: [9, 82, 77, 5, 8, 10]
362	1       45783808
#trying: [82, 8, 9, 10, 77, 5]
363	1       39863238
#trying: [8, 5, 82, 77, 10, 9]
364	1       45820991
#trying: [9, 8, 5, 82, 77, 10]
365	1       40863277
#trying: [8, 9, 77, 10, 5, 82]
366	1       41868738
#trying: [5, 10, 8, 9, 82, 77]
367	1       39309475
#trying: [9, 77, 5, 82, 8, 10]
368	1       36217466
#trying: [5, 8, 9, 77, 82, 10]
369	1       43130065
#trying: [5, 8, 9, 77, 10, 82]
370	1       40288579
#trying: [82, 77, 5, 9, 8, 10]
371	1       49035261
#trying: [8, 77, 10, 9, 82, 5]
372	1       46915305
#trying: [10, 77, 9, 5, 8, 82]
373	1       45994307
#trying: [8, 10, 82, 9, 5, 77]
374	1       48888818
#trying: [10, 77, 8, 5, 82, 9]
375	1       44173804
#trying: [10, 5, 77, 82, 8, 9]
376	1       43396102
#trying: [77, 10, 82, 8, 5, 9]
377	1       39851342
#trying: [8, 82, 10, 9, 77, 5]
378	1       43732524
#trying: [8, 5, 77, 82, 10, 9]
379	1       39578847
#trying: [9, 77, 8, 10, 5, 82]
380	1       39163060
#trying: [10, 5, 77, 9, 8, 82]
381	1       42604638
#trying: [9, 8, 82, 77, 10, 5]
382	1       38652166
#trying: [77, 9, 82, 5, 10, 8]
383	1       47044720
#trying: [9, 5, 8, 82, 77, 10]
384	1       40428471
#trying: [9, 10, 77, 5, 82, 8]
385	1       42753459
#trying: [5, 82, 10, 8, 9, 77]
386	1       42680583
#trying: [5, 8, 10, 9, 77, 82]
387	1       40567967
#trying: [10, 5, 9, 77, 8, 82]
388	1       43197056
#trying: [10, 8, 82, 77, 9, 5]
389	1       40499496
#trying: [82, 9, 10, 5, 8, 77]
390	1       38389119
#trying: [9, 77, 82, 8, 10, 5]
391	1       44783163
#trying: [10, 82, 8, 5, 77, 9]
392	1       49001317
#trying: [10, 8, 77, 9, 82, 5]
393	1       42318451
#trying: [9, 77, 8, 82, 5, 10]
394	1       46962615
#trying: [5, 10, 82, 8, 9, 77]
395	1       43338588
#trying: [8, 82, 5, 9, 10, 77]
396	1       54517122
#trying: [9, 82, 5, 10, 8, 77]
397	1       46629902
#trying: [82, 9, 8, 77, 10, 5]
398	1       41623808
#trying: [10, 8, 82, 5, 9, 77]
399	1       43445179
#trying: [5, 10, 77, 9, 82, 8]
400	1       38589667
#trying: [77, 82, 5, 8, 10, 9]
401	1       44895096
#trying: [77, 9, 10, 82, 8, 5]
402	1       39898273
#trying: [10, 8, 5, 77, 9, 82]
403	1       42376338
#trying: [77, 8, 82, 10, 5, 9]
404	1       40259222
#trying: [5, 82, 9, 10, 77, 8]
405	1       39394880
#trying: [10, 8, 82, 5, 77, 9]
406	1       39227878
#trying: [8, 10, 5, 77, 9, 82]
407	1       43817830
#trying: [77, 5, 9, 8, 82, 10]
408	1       36621900
#trying: [5, 9, 10, 77, 82, 8]
409	1       39758752
#trying: [5, 77, 9, 8, 82, 10]
410	1       35442636
#trying: [5, 82, 8, 9, 10, 77]
411	1       37736484
#trying: [77, 8, 82, 9, 10, 5]
412	1       40627552
#trying: [9, 5, 10, 77, 82, 8]
413	1       38504351
#trying: [82, 10, 8, 9, 77, 5]
414	1       38912759
#trying: [10, 77, 5, 8, 9, 82]
415	1       40361593
#trying: [10, 8, 9, 5, 77, 82]
416	1       48677286
#trying: [5, 8, 77, 10, 82, 9]
417	1       43569650
#trying: [8, 10, 5, 82, 9, 77]
418	1       39943333
#trying: [8, 9, 5, 77, 82, 10]
419	1       37379085
#trying: [9, 77, 82, 10, 8, 5]
420	1       46852601
#trying: [77, 5, 82, 10, 9, 8]
421	1       36258782
#trying: [9, 82, 8, 5, 10, 77]
422	1       42044661
#trying: [5, 77, 8, 82, 10, 9]
423	1       45126422
#trying: [9, 77, 8, 82, 10, 5]
424	1       39238675
#trying: [8, 9, 10, 77, 5, 82]
425	1       41175722
#trying: [77, 8, 9, 10, 5, 82]
426	1       39869527
#trying: [77, 9, 10, 5, 82, 8]
427	1       41963911
#trying: [5, 77, 10, 9, 82, 8]
428	1       37540143
#trying: [82, 9, 77, 5, 8, 10]
429	1       35547732
#trying: [9, 5, 10, 82, 77, 8]
430	1       40645351
#trying: [5, 10, 77, 9, 8, 82]
431	1       40969704
#trying: [9, 82, 8, 5, 77, 10]
432	1       38027369
#trying: [9, 77, 5, 8, 10, 82]
433	1       37038883
#trying: [9, 10, 5, 82, 8, 77]
434	1       42593841
#trying: [9, 5, 10, 8, 77, 82]
435	1       47020223
#trying: [8, 82, 5, 77, 9, 10]
436	1       38101142
#trying: [5, 9, 82, 10, 77, 8]
437	1       48627495
#trying: [82, 9, 8, 77, 5, 10]
438	1       42927587
#trying: [9, 8, 5, 77, 82, 10]
439	1       37995814
#trying: [10, 9, 77, 8, 5, 82]
440	1       43059119
#trying: [82, 10, 9, 5, 77, 8]
441	1       36322910
#trying: [10, 82, 8, 77, 9, 5]
442	1       40444842
#trying: [9, 77, 10, 5, 82, 8]
443	1       38351662
#trying: [9, 82, 5, 8, 10, 77]
444	1       38909072
#trying: [10, 8, 5, 82, 77, 9]
445	1       47612271
#trying: [5, 8, 82, 77, 9, 10]
446	1       49969456
#trying: [77, 82, 9, 8, 5, 10]
447	1       37119848
#trying: [5, 82, 9, 77, 8, 10]
448	1       38585130
#trying: [5, 8, 10, 82, 77, 9]
449	1       41381722
#trying: [9, 82, 5, 77, 10, 8]
450	1       42317159
#trying: [77, 5, 9, 10, 8, 82]
451	1       43005774
#trying: [5, 77, 8, 82, 9, 10]
452	1       45389510
#trying: [77, 5, 10, 82, 9, 8]
453	1       39238801
#trying: [82, 10, 8, 77, 5, 9]
454	1       45382595
#trying: [8, 5, 9, 77, 82, 10]
455	1       45723273
#trying: [5, 77, 9, 8, 10, 82]
456	1       38324624
#trying: [82, 77, 5, 8, 9, 10]
457	1       44386961
#trying: [8, 5, 77, 82, 9, 10]
458	1       43206980
#trying: [10, 5, 9, 82, 77, 8]
459	1       49902324
#trying: [5, 8, 10, 82, 9, 77]
460	1       46857353
#trying: [77, 8, 10, 5, 82, 9]
461	1       36400894
#trying: [77, 82, 9, 5, 8, 10]
462	1       38684575
#trying: [5, 82, 10, 9, 8, 77]
463	1       41930663
#trying: [77, 5, 82, 8, 9, 10]
464	1       39501412
#trying: [10, 77, 8, 9, 82, 5]
465	1       41779079
#trying: [5, 8, 82, 10, 77, 9]
466	1       37338039
#trying: [9, 10, 8, 77, 5, 82]
467	1       36825811
#trying: [8, 82, 77, 10, 9, 5]
468	1       36629393
#trying: [9, 8, 10, 82, 5, 77]
469	1       41596313
#trying: [8, 5, 9, 82, 77, 10]
470	1       42759738
#trying: [77, 10, 82, 5, 8, 9]
471	1       36465336
#trying: [8, 10, 5, 9, 82, 77]
472	1       39411624
#trying: [8, 10, 5, 9, 77, 82]
473	1       46929926
#trying: [10, 77, 9, 8, 82, 5]
474	1       41241891
#trying: [8, 77, 5, 82, 9, 10]
475	1       39713212
#trying: [9, 82, 8, 77, 5, 10]
476	1       36960213
#trying: [77, 9, 10, 8, 82, 5]
477	1       37201571
#trying: [77, 5, 10, 8, 82, 9]
478	1       42243852
#trying: [10, 5, 8, 77, 82, 9]
479	1       41228963
#trying: [5, 9, 8, 82, 10, 77]
480	1       44917100
#trying: [10, 8, 9, 82, 77, 5]
481	1       42593638
#trying: [10, 9, 77, 5, 82, 8]
482	1       39213548
#trying: [8, 77, 82, 5, 9, 10]
483	1       40474624
#trying: [77, 9, 8, 5, 82, 10]
484	1       36291274
#trying: [9, 77, 5, 10, 82, 8]
485	1       36344721
#trying: [82, 9, 10, 8, 77, 5]
486	1       35993264
#trying: [10, 9, 82, 77, 8, 5]
487	1       39174512
#trying: [10, 77, 8, 82, 9, 5]
488	1       44089731
#trying: [9, 8, 82, 10, 77, 5]
489	1       40395869
#trying: [8, 9, 77, 5, 10, 82]
490	1       44123527
#trying: [8, 10, 9, 82, 77, 5]
491	1       46645733
#trying: [77, 5, 8, 10, 82, 9]
492	1       43487919
#trying: [9, 77, 10, 82, 8, 5]
493	1       41950104
#trying: [9, 82, 77, 8, 5, 10]
494	1       37667207
#trying: [8, 77, 9, 5, 10, 82]
495	1       40588087
#trying: [82, 8, 9, 5, 77, 10]
496	1       43894347
#trying: [9, 77, 8, 5, 82, 10]
497	1       38047787
#trying: [9, 5, 82, 77, 8, 10]
498	1       39541770
#trying: [82, 8, 5, 9, 77, 10]
499	1       43497425
#trying: [82, 9, 8, 10, 77, 5]
500	1       38545029
#trying: [82, 8, 77, 9, 10, 5]
501	1       38812705
#trying: [9, 10, 77, 82, 5, 8]
502	1       38451014
#trying: [82, 5, 9, 10, 77, 8]
503	1       39036490
#trying: [9, 10, 8, 5, 82, 77]
504	1       40821777
#trying: [77, 5, 8, 9, 10, 82]
505	1       37655258
#trying: [77, 82, 10, 8, 9, 5]
506	1       39054081
#trying: [82, 10, 8, 77, 9, 5]
507	1       39669025
#trying: [10, 5, 82, 8, 77, 9]
508	1       40626681
#trying: [10, 82, 77, 5, 8, 9]
509	1       34162244
#trying: [8, 77, 82, 9, 5, 10]
510	1       35204465
#trying: [77, 8, 82, 5, 10, 9]
511	1       36710659
#trying: [8, 77, 5, 9, 10, 82]
512	1       33811868
#trying: [5, 82, 8, 77, 10, 9]
513	1       36011116
#trying: [77, 8, 82, 5, 9, 10]
514	1       38023878
#trying: [8, 5, 9, 77, 10, 82]
515	1       35312259
#trying: [8, 77, 10, 5, 82, 9]
516	1       41418954
#trying: [9, 10, 82, 8, 77, 5]
517	1       38948778
#trying: [8, 5, 77, 10, 82, 9]
518	1       37730248
#trying: [10, 82, 5, 77, 8, 9]
519	1       40620380
#trying: [8, 82, 5, 10, 77, 9]
520	1       35774462
#trying: [77, 8, 10, 9, 82, 5]
521	1       39873907
#trying: [9, 77, 82, 10, 5, 8]
522	1       36661521
#trying: [82, 5, 10, 77, 8, 9]
523	1       37241530
#trying: [82, 10, 77, 8, 9, 5]
524	1       36255353
#trying: [77, 10, 8, 82, 9, 5]
525	1       40341182
#trying: [5, 77, 10, 82, 9, 8]
526	1       48749644
#trying: [9, 77, 5, 8, 82, 10]
527	1       41388331
#trying: [5, 8, 9, 82, 77, 10]
528	1       38293770
#trying: [8, 10, 82, 77, 9, 5]
529	1       37988171
#trying: [82, 10, 9, 5, 8, 77]
530	1       39922747
#trying: [82, 8, 77, 5, 9, 10]
531	1       50967249
#trying: [82, 10, 5, 9, 8, 77]
532	1       39652934
#trying: [9, 8, 5, 10, 82, 77]
533	1       37276585
#trying: [9, 77, 82, 8, 5, 10]
534	1       50444378
#trying: [5, 82, 77, 9, 10, 8]
535	1       42515209
#trying: [77, 82, 8, 5, 9, 10]
536	1       38239437
#trying: [9, 10, 8, 82, 5, 77]
537	1       38020905
#trying: [82, 9, 77, 10, 5, 8]
538	1       39479220
#trying: [10, 82, 5, 9, 8, 77]
539	1       37806962
#trying: [10, 9, 5, 77, 82, 8]
540	1       36863654
#trying: [82, 5, 10, 9, 8, 77]
541	1       45733422
#trying: [10, 8, 5, 9, 77, 82]
542	1       41869665
#trying: [5, 77, 10, 8, 82, 9]
543	1       40488670
#trying: [82, 10, 9, 8, 77, 5]
544	1       35957072
#trying: [9, 8, 10, 77, 5, 82]
545	1       39256651
#trying: [10, 8, 82, 77, 5, 9]
546	1       38217961
#trying: [82, 9, 8, 5, 10, 77]
547	1       35706992
#trying: [82, 5, 77, 8, 10, 9]
548	1       38175061
#trying: [8, 77, 5, 82, 10, 9]
549	1       35636423
#trying: [77, 10, 82, 5, 9, 8]
550	1       36808921
#trying: [77, 5, 82, 8, 10, 9]
551	1       37965228
#trying: [10, 9, 77, 5, 8, 82]
552	1       40700624
#trying: [5, 9, 8, 77, 10, 82]
553	1       44395353
#trying: [82, 8, 10, 9, 77, 5]
554	1       40865277
#trying: [77, 8, 10, 9, 5, 82]
555	1       34569386
#trying: [10, 82, 5, 8, 9, 77]
556	1       42747007
#trying: [10, 8, 77, 82, 5, 9]
557	1       35228121
#trying: [10, 5, 82, 9, 77, 8]
558	1       37337945
#trying: [5, 77, 10, 8, 9, 82]
559	1       36564281
#trying: [77, 10, 8, 9, 5, 82]
560	1       40093766
#trying: [8, 77, 5, 10, 9, 82]
561	1       37288248
#trying: [10, 77, 9, 8, 5, 82]
562	1       38279433
#trying: [5, 9, 10, 8, 82, 77]
563	1       56622233
#trying: [8, 10, 5, 82, 77, 9]
564	1       40020894
#trying: [82, 77, 8, 10, 9, 5]
565	1       42688575
#trying: [82, 5, 9, 8, 77, 10]
566	1       43170736
#trying: [10, 82, 77, 9, 5, 8]
567	1       36608939
#trying: [10, 5, 82, 77, 8, 9]
568	1       36583109
#trying: [8, 10, 82, 5, 77, 9]
569	1       52330797
#trying: [82, 8, 5, 10, 77, 9]
570	1       37639769
#trying: [8, 5, 82, 10, 9, 77]
571	1       38677909
#trying: [9, 77, 10, 8, 5, 82]
572	1       39195977
#trying: [8, 9, 5, 10, 82, 77]
573	1       36919741
#trying: [5, 8, 9, 10, 77, 82]
574	1       38254632
#trying: [77, 5, 8, 10, 9, 82]
575	1       36749833
#trying: [77, 5, 10, 9, 8, 82]
576	1       55988764
#trying: [9, 5, 8, 77, 10, 82]
577	1       55884610
#trying: [9, 77, 82, 5, 10, 8]
578	1       57163717
#trying: [77, 5, 8, 82, 10, 9]
579	1       38462655
#trying: [9, 82, 10, 5, 77, 8]
580	1       35460540
#trying: [10, 77, 82, 8, 5, 9]
581	1       38912859
#trying: [82, 5, 9, 8, 10, 77]
582	1       42497581
#trying: [10, 8, 77, 9, 5, 82]
583	1       44496065
#trying: [82, 9, 5, 77, 10, 8]
584	1       35083488
#trying: [82, 8, 10, 77, 9, 5]
585	1       38411270
#trying: [9, 10, 77, 82, 8, 5]
586	1       42033972
#trying: [5, 9, 77, 8, 82, 10]
587	1       40287458
#trying: [82, 77, 5, 10, 8, 9]
588	1       39904193
#trying: [8, 9, 10, 5, 77, 82]
589	1       39032003
#trying: [82, 77, 8, 5, 10, 9]
590	1       39317149
#trying: [8, 9, 5, 82, 10, 77]
591	1       37442559
#trying: [9, 5, 77, 10, 82, 8]
592	1       41186887
#trying: [9, 10, 82, 8, 5, 77]
593	1       36634425
#trying: [5, 10, 8, 82, 77, 9]
594	1       36679766
#trying: [5, 9, 10, 77, 8, 82]
595	1       35940527
#trying: [10, 9, 8, 5, 82, 77]
596	1       35635203
#trying: [77, 5, 8, 82, 9, 10]
597	1       38507200
#trying: [5, 9, 82, 8, 10, 77]
598	1       35605012
#trying: [9, 5, 77, 8, 82, 10]
599	1       36841271
#trying: [8, 5, 10, 82, 77, 9]
600	1       42130723
#trying: [10, 8, 9, 77, 5, 82]
601	1       37838024
#trying: [5, 10, 82, 9, 8, 77]
602	1       42676974
#trying: [5, 8, 10, 77, 9, 82]
603	1       57547373
#trying: [77, 5, 10, 9, 82, 8]
604	1       40843604
#trying: [10, 8, 77, 82, 9, 5]
605	1       52168217
#trying: [77, 10, 82, 8, 9, 5]
606	1       43196246
#trying: [10, 82, 77, 5, 9, 8]
607	1       46569721
#trying: [77, 10, 8, 82, 5, 9]
608	1       37477175
#trying: [9, 8, 77, 82, 10, 5]
609	1       41353929
#trying: [5, 9, 8, 10, 82, 77]
610	1       42094109
#trying: [82, 9, 77, 8, 10, 5]
611	1       44926712
#trying: [8, 5, 82, 9, 10, 77]
612	1       42761481
#trying: [10, 9, 82, 8, 77, 5]
613	1       40439146
#trying: [8, 77, 82, 9, 10, 5]
614	1       38257502
#trying: [77, 9, 8, 82, 10, 5]
615	1       39955912
#trying: [82, 77, 8, 10, 5, 9]
616	1       46151272
#trying: [8, 10, 77, 9, 5, 82]
617	1       35904016
#trying: [9, 10, 82, 77, 8, 5]
618	1       38979735
#trying: [5, 77, 8, 10, 9, 82]
619	1       42054188
#trying: [77, 10, 5, 9, 82, 8]
620	1       44956325
#trying: [8, 5, 77, 9, 10, 82]
621	1       38644562
#trying: [8, 82, 10, 77, 5, 9]
622	1       45054096
#trying: [10, 77, 5, 9, 8, 82]
623	1       39220221
#trying: [10, 5, 9, 8, 82, 77]
624	1       48290424
#trying: [5, 77, 82, 10, 8, 9]
625	1       44267531
#trying: [10, 9, 77, 82, 5, 8]
626	1       40848277
#trying: [8, 77, 10, 82, 9, 5]
627	1       42005041
#trying: [5, 10, 82, 77, 9, 8]
628	1       43248106
#trying: [8, 9, 77, 5, 82, 10]
629	1       49694851
#trying: [5, 8, 77, 9, 10, 82]
630	1       38648115
#trying: [82, 9, 5, 8, 10, 77]
631	1       43599393
#trying: [10, 82, 77, 8, 9, 5]
632	1       40585469
#trying: [77, 8, 5, 10, 9, 82]
633	1       37789801
#trying: [8, 9, 10, 77, 82, 5]
634	1       46219786
#trying: [8, 5, 10, 82, 9, 77]
635	1       54151161
#trying: [82, 77, 9, 8, 5, 10]
636	1       45710557
#trying: [82, 8, 5, 10, 9, 77]
637	1       52726071
#trying: [10, 5, 77, 82, 9, 8]
638	1       61427614
#trying: [8, 9, 77, 10, 82, 5]
639	1       57876569
#trying: [5, 82, 77, 8, 9, 10]
640	1       58601279
#trying: [8, 10, 82, 5, 9, 77]
641	1       64291840
#trying: [5, 10, 8, 9, 77, 82]
642	1       51278873
#trying: [82, 8, 5, 9, 10, 77]
643	1       54532987
#trying: [5, 8, 9, 10, 82, 77]
644	1       48661750
#trying: [77, 10, 5, 8, 82, 9]
645	1       49042314
#trying: [8, 5, 82, 9, 77, 10]
646	1       45011111
#trying: [77, 8, 9, 10, 82, 5]
647	1       53656509
#trying: [9, 82, 77, 8, 10, 5]
648	1       55987644
#trying: [9, 10, 5, 77, 8, 82]
649	1       45129600
#trying: [82, 8, 10, 77, 5, 9]
650	1       55042962
#trying: [10, 77, 8, 9, 5, 82]
651	1       44689076
#trying: [82, 77, 10, 8, 9, 5]
652	1       59272048
#trying: [77, 8, 5, 10, 82, 9]
653	1       55356140
#trying: [5, 77, 9, 10, 82, 8]
654	1       45003772
#trying: [10, 5, 9, 77, 82, 8]
655	1       48178271
#trying: [82, 5, 9, 77, 10, 8]
656	1       38582156
#trying: [5, 82, 9, 77, 10, 8]
657	1       45882607
#trying: [8, 82, 77, 9, 5, 10]
658	1       43821692
#trying: [9, 82, 8, 10, 77, 5]
659	1       44721515
#trying: [77, 82, 10, 5, 8, 9]
660	1       45065905
#trying: [5, 82, 8, 10, 9, 77]
661	1       54001061
#trying: [9, 5, 82, 10, 8, 77]
662	1       43151324
#trying: [9, 82, 5, 10, 77, 8]
663	1       49210387
#trying: [9, 10, 5, 82, 77, 8]
664	1       47007805
#trying: [9, 10, 82, 77, 5, 8]
665	1       43057910
#trying: [9, 77, 10, 82, 5, 8]
666	1       57341506
#trying: [8, 5, 82, 10, 77, 9]
667	1       38815170
#trying: [5, 8, 77, 82, 10, 9]
668	1       41256134
#trying: [10, 5, 8, 82, 9, 77]
669	1       44345158
#trying: [77, 8, 9, 5, 82, 10]
670	1       41163524
#trying: [77, 8, 5, 9, 10, 82]
671	1       39855962
#trying: [10, 82, 9, 77, 8, 5]
672	1       42422681
#trying: [10, 9, 5, 82, 8, 77]
673	1       37400775
#trying: [77, 10, 8, 9, 82, 5]
674	1       42620243
#trying: [8, 9, 5, 77, 10, 82]
675	1       47341224
#trying: [77, 9, 5, 8, 10, 82]
676	1       39359000
#trying: [5, 8, 77, 82, 9, 10]
677	1       44663494
#trying: [82, 77, 10, 8, 5, 9]
678	1       41407012
#trying: [82, 8, 9, 77, 10, 5]
679	1       42547573
#trying: [9, 82, 77, 10, 5, 8]
680	1       38827232
#trying: [10, 9, 5, 77, 8, 82]
681	1       43259767
#trying: [5, 10, 77, 8, 9, 82]
682	1       44463710
#trying: [8, 9, 77, 82, 10, 5]
683	1       42205082
#trying: [8, 9, 82, 5, 77, 10]
684	1       40015264
#trying: [10, 5, 82, 77, 9, 8]
685	1       39972210
#trying: [82, 77, 9, 10, 8, 5]
686	1       39670486
#trying: [5, 77, 8, 10, 82, 9]
687	1       42918761
#trying: [82, 9, 8, 10, 5, 77]
688	1       43062925
#trying: [8, 82, 9, 10, 5, 77]
689	1       38308575
#trying: [8, 82, 77, 5, 10, 9]
690	1       42181382
#trying: [8, 82, 9, 10, 77, 5]
691	1       42908470
#trying: [10, 77, 8, 82, 5, 9]
692	1       45779484
#trying: [9, 5, 82, 77, 10, 8]
693	1       49415215
#trying: [5, 77, 8, 9, 82, 10]
694	1       41585575
#trying: [5, 8, 82, 9, 10, 77]
695	1       39016960
#trying: [8, 82, 77, 9, 10, 5]
696	1       41221232
#trying: [10, 5, 77, 9, 82, 8]
697	1       46063516
#trying: [8, 82, 5, 10, 9, 77]
698	1       44976543
#trying: [9, 10, 8, 5, 77, 82]
699	1       41139906
#trying: [77, 5, 8, 9, 82, 10]
700	1       40601596
#trying: [5, 8, 9, 82, 10, 77]
701	1       44364771
#trying: [10, 82, 5, 9, 77, 8]
702	1       41872451
#trying: [9, 77, 82, 5, 8, 10]
703	1       44845255
#trying: [82, 8, 77, 10, 9, 5]
704	1       45134399
#trying: [8, 82, 10, 5, 9, 77]
705	1       45979496
#trying: [9, 82, 10, 77, 5, 8]
706	1       44641485
#trying: [10, 5, 8, 77, 9, 82]
707	1       54231928
#trying: [10, 77, 9, 82, 8, 5]
708	1       43865781
#trying: [5, 9, 77, 10, 8, 82]
709	1       37761829
#trying: [77, 10, 5, 8, 9, 82]
710	1       39874619
#trying: [9, 77, 10, 5, 8, 82]
711	1       38011937
#trying: [8, 82, 5, 9, 77, 10]
712	1       42003744
#trying: [82, 77, 9, 5, 8, 10]
713	1       38209233
#trying: [82, 8, 10, 9, 5, 77]
714	1       38996248
#trying: [5, 10, 8, 77, 9, 82]
715	1       40755463
#trying: [77, 10, 5, 82, 9, 8]
716	1       37557717
#trying: [8, 10, 77, 82, 9, 5]
717	1       39187313
#trying: [82, 8, 9, 77, 5, 10]
718	1       37314064
#trying: [82, 5, 77, 9, 10, 8]
719	1       38753080
