#PROBLEM: aim-50-1_6-no-2 & longest chain length: 7 & average chain length: 3.1739 & median chain length: 2 & varNum: 50 & clauseNum: 80 & chains: 23 & timeout: 40s 
#original chain with index 46: [32, 100, 98, 30, 29, 101, 31] 
#trying: [29, 31, 98, 32, 101, 100, 30]
0	1       180163977
#trying: [100, 29, 31, 30, 98, 101, 32]
1	1       172975696
#trying: [31, 30, 29, 100, 32, 98, 101]
2	1       1453022765
#trying: [100, 32, 29, 101, 31, 98, 30]
3	1       58445368
#trying: [101, 30, 98, 31, 100, 29, 32]
4	1       171509481
#trying: [29, 31, 32, 101, 30, 100, 98]
5	1       178430057
#trying: [29, 100, 32, 31, 98, 30, 101]
6	1       179651726
#trying: [100, 32, 101, 30, 29, 31, 98]
7	1       176670947
#trying: [30, 29, 101, 31, 98, 100, 32]
8	1       174894003
#trying: [101, 98, 30, 29, 100, 31, 32]
9	1       171793196
#trying: [29, 31, 98, 101, 30, 32, 100]
10	1       185323167
#trying: [30, 32, 98, 29, 100, 101, 31]
11	1       52918702
#trying: [100, 30, 101, 31, 98, 29, 32]
12	1       52889533
#trying: [98, 31, 101, 29, 30, 32, 100]
13	1       185962198
#trying: [100, 101, 31, 32, 30, 29, 98]
14	1       1603461143
#trying: [98, 32, 31, 29, 101, 30, 100]
15	1       197248953
#trying: [32, 29, 30, 98, 101, 31, 100]
16	1       209764292
#trying: [31, 29, 32, 98, 30, 100, 101]
17	1       1806875637
#trying: [30, 32, 101, 31, 98, 100, 29]
18	1       174512154
#trying: [101, 30, 100, 31, 98, 32, 29]
19	1       198754240
#trying: [31, 30, 100, 32, 101, 98, 29]
20	1       1827498971
#trying: [29, 101, 30, 100, 31, 32, 98]
21	1       63646189
#trying: [31, 98, 32, 29, 30, 101, 100]
22	1       1816589613
#trying: [98, 101, 31, 29, 32, 30, 100]
23	1       193411159
#trying: [32, 29, 98, 30, 101, 100, 31]
24	1       170537655
#trying: [30, 100, 98, 101, 29, 32, 31]
25	1       176892998
#trying: [31, 98, 32, 100, 30, 101, 29]
26	1       1812167671
#trying: [29, 101, 100, 31, 98, 32, 30]
27	1       209510455
#trying: [31, 32, 100, 98, 29, 101, 30]
28	1       1583609237
#trying: [31, 30, 98, 101, 29, 32, 100]
29	1       1450124890
#trying: [98, 30, 29, 101, 100, 31, 32]
30	1       49905845
#trying: [30, 100, 98, 31, 29, 101, 32]
31	1       48870151
#trying: [98, 30, 29, 31, 32, 100, 101]
32	1       41638728
#trying: [30, 31, 29, 98, 32, 101, 100]
33	1       45951205
#trying: [29, 30, 32, 101, 31, 98, 100]
34	1       45954893
#trying: [31, 98, 29, 100, 30, 101, 32]
35	1       1454615576
#trying: [31, 30, 98, 32, 100, 101, 29]
36	1       1445860425
#trying: [30, 101, 98, 32, 29, 31, 100]
37	1       45324309
#trying: [30, 101, 98, 32, 31, 100, 29]
38	1       184693219
#trying: [32, 31, 30, 98, 101, 100, 29]
39	1       1429586470
#trying: [32, 29, 31, 100, 30, 101, 98]
40	1       180031003
#trying: [30, 100, 29, 101, 31, 98, 32]
41	1       167986102
#trying: [29, 31, 30, 32, 101, 100, 98]
42	1       176255218
#trying: [31, 32, 100, 98, 101, 29, 30]
43	1       1768441252
#trying: [101, 29, 30, 32, 100, 98, 31]
44	1       176787621
#trying: [100, 31, 30, 101, 98, 29, 32]
45	1       1595910397
#trying: [98, 32, 30, 101, 100, 31, 29]
46	1       56753164
#trying: [31, 29, 101, 30, 98, 32, 100]
47	1       1826368804
#trying: [30, 101, 32, 29, 100, 31, 98]
48	1       184045327
#trying: [32, 30, 101, 29, 31, 100, 98]
49	1       171065873
#trying: [29, 32, 100, 101, 30, 31, 98]
50	1       234497025
#trying: [100, 29, 31, 101, 98, 32, 30]
51	1       202488362
#trying: [98, 29, 31, 100, 32, 101, 30]
52	1       59490761
#trying: [101, 32, 29, 30, 100, 31, 98]
53	1       52185208
#trying: [100, 29, 101, 30, 32, 31, 98]
54	1       235512804
#trying: [98, 101, 32, 29, 30, 31, 100]
55	1       64609053
#trying: [32, 31, 98, 100, 29, 30, 101]
56	1       1766766603
#trying: [29, 31, 32, 101, 100, 98, 30]
57	1       176898397
#trying: [100, 32, 30, 31, 98, 29, 101]
58	1       176033128
#trying: [32, 101, 31, 29, 30, 100, 98]
59	1       1596988759
#trying: [29, 30, 100, 98, 31, 101, 32]
60	1       47773901
#trying: [30, 98, 31, 32, 29, 100, 101]
61	1       189303688
#trying: [100, 30, 101, 98, 32, 31, 29]
62	1       210319486
#trying: [101, 30, 31, 100, 98, 32, 29]
63	1       381009002
#trying: [30, 31, 29, 98, 100, 32, 101]
64	1       85507884
#trying: [98, 101, 31, 29, 30, 32, 100]
65	1       392741891
#trying: [29, 98, 101, 32, 31, 30, 100]
66	1       200693317
#trying: [30, 100, 98, 32, 31, 101, 29]
67	1       197468562
#trying: [100, 101, 30, 29, 98, 31, 32]
68	1       205430220
#trying: [98, 29, 30, 101, 32, 31, 100]
69	1       183440660
#trying: [32, 100, 101, 31, 30, 98, 29]
70	1       1955975838
#trying: [29, 32, 31, 101, 30, 100, 98]
71	1       199054201
#trying: [29, 98, 30, 31, 100, 32, 101]
72	1       337004994
#trying: [31, 98, 100, 30, 101, 29, 32]
73	1       1779975726
#trying: [30, 98, 100, 31, 101, 32, 29]
74	1       187026422
#trying: [29, 100, 32, 31, 101, 30, 98]
75	1       202724410
#trying: [29, 32, 98, 30, 31, 100, 101]
76	1       60349059
#trying: [98, 29, 32, 30, 100, 101, 31]
77	1       66779585
#trying: [31, 30, 98, 100, 32, 101, 29]
78	1       2179263769
#trying: [29, 98, 30, 101, 100, 32, 31]
79	1       212917723
#trying: [31, 30, 29, 98, 100, 32, 101]
80	1       2999124090
#trying: [31, 29, 30, 98, 32, 101, 100]
81	1       2814405369
#trying: [100, 101, 32, 30, 31, 98, 29]
82	1       59162037
#trying: [101, 32, 29, 100, 98, 31, 30]
83	1       181159124
#trying: [101, 31, 32, 30, 29, 98, 100]
84	1       1751638283
#trying: [100, 101, 30, 98, 32, 31, 29]
85	1       168638897
#trying: [101, 31, 100, 32, 98, 29, 30]
86	1       1613449688
#trying: [100, 101, 31, 29, 98, 30, 32]
87	1       1627756247
#trying: [29, 98, 30, 32, 101, 100, 31]
88	1       51315158
#trying: [31, 29, 30, 32, 100, 101, 98]
89	1       1604341895
#trying: [30, 31, 101, 100, 98, 29, 32]
90	1       346732110
#trying: [31, 101, 98, 30, 32, 100, 29]
91	1       3200641611
#trying: [29, 100, 101, 98, 32, 30, 31]
92	1       376350230
#trying: [101, 98, 32, 30, 31, 100, 29]
93	1       404908187
#trying: [101, 29, 100, 32, 30, 98, 31]
94	1       405289444
#trying: [98, 100, 101, 31, 32, 30, 29]
95	1       201149057
#trying: [98, 100, 31, 29, 30, 32, 101]
96	1       207784617
#trying: [29, 32, 31, 100, 98, 101, 30]
97	1       390316289
#trying: [101, 31, 100, 29, 30, 98, 32]
98	1       1422676206
#trying: [32, 30, 29, 101, 100, 31, 98]
99	1       49007142
#trying: [98, 29, 101, 30, 31, 32, 100]
100	1       56464295
#trying: [32, 100, 98, 31, 29, 101, 30]
101	1       174696901
#trying: [29, 32, 98, 30, 100, 31, 101]
102	1       168228325
#trying: [98, 30, 29, 31, 101, 32, 100]
103	1       168629526
#trying: [29, 31, 101, 32, 98, 30, 100]
104	1       174277944
#trying: [100, 30, 29, 31, 32, 98, 101]
105	1       162916405
#trying: [29, 32, 30, 31, 98, 101, 100]
106	1       174042502
#trying: [30, 29, 31, 100, 101, 32, 98]
107	1       176628663
#trying: [32, 30, 31, 101, 98, 100, 29]
108	1       171220852
#trying: [101, 29, 31, 100, 30, 32, 98]
109	1       182436847
#trying: [101, 32, 100, 98, 31, 30, 29]
110	1       161547082
#trying: [31, 32, 30, 101, 100, 98, 29]
111	1       1580264314
#trying: [100, 32, 31, 30, 101, 29, 98]
112	1       1630512669
#trying: [30, 31, 29, 101, 98, 100, 32]
113	1       173614986
#trying: [101, 31, 100, 32, 30, 29, 98]
114	1       1584341327
#trying: [101, 98, 30, 29, 100, 32, 31]
115	1       53036371
#trying: [29, 101, 31, 98, 100, 30, 32]
116	1       45006050
#trying: [100, 29, 32, 31, 30, 101, 98]
117	1       53584818
#trying: [32, 101, 98, 100, 30, 31, 29]
118	1       41779626
#trying: [31, 100, 30, 32, 98, 29, 101]
119	1       2606002252
#trying: [32, 29, 100, 101, 30, 31, 98]
120	1       215218008
#trying: [100, 30, 98, 29, 101, 31, 32]
121	1       393706725
#trying: [101, 30, 31, 32, 98, 100, 29]
122	1       211631265
#trying: [29, 100, 98, 32, 101, 30, 31]
123	1       193035960
#trying: [32, 101, 30, 100, 29, 98, 31]
124	1       171029281
#trying: [98, 101, 31, 32, 100, 29, 30]
125	1       180460080
#trying: [31, 98, 29, 100, 32, 30, 101]
126	1       1469345809
#trying: [29, 98, 101, 100, 30, 32, 31]
127	1       173939126
#trying: [30, 98, 101, 31, 32, 29, 100]
128	1       42103871
#trying: [29, 98, 101, 100, 32, 31, 30]
129	1       174071154
#trying: [31, 98, 32, 30, 100, 101, 29]
130	1       1768147858
#trying: [29, 100, 32, 101, 98, 30, 31]
131	1       167705550
#trying: [29, 32, 31, 101, 98, 30, 100]
132	1       173657224
#trying: [98, 29, 30, 101, 100, 31, 32]
133	1       178217213
#trying: [100, 98, 29, 31, 30, 32, 101]
134	1       183335685
#trying: [30, 32, 101, 29, 98, 31, 100]
135	1       53781690
#trying: [101, 98, 29, 100, 32, 31, 30]
136	1       51278231
#trying: [32, 29, 30, 98, 31, 101, 100]
137	1       177342469
#trying: [32, 100, 29, 30, 98, 101, 31]
138	1       176031837
#trying: [100, 98, 32, 30, 29, 101, 31]
139	1       40460175
#trying: [30, 98, 32, 31, 100, 101, 29]
140	1       42762359
#trying: [32, 100, 98, 31, 29, 30, 101]
141	1       45459627
#trying: [32, 98, 101, 30, 29, 100, 31]
142	1       41230217
#trying: [98, 31, 32, 100, 30, 29, 101]
143	1       51819630
#trying: [29, 30, 31, 98, 101, 32, 100]
144	1       180529185
#trying: [98, 101, 32, 31, 29, 30, 100]
145	1       180945373
#trying: [31, 101, 98, 29, 30, 32, 100]
146	1       1575704758
#trying: [29, 31, 98, 100, 30, 101, 32]
147	1       179217629
#trying: [32, 30, 98, 100, 31, 101, 29]
148	1       170445362
#trying: [32, 31, 29, 98, 30, 100, 101]
149	1       1749978976
#trying: [29, 100, 98, 101, 30, 31, 32]
150	1       211398624
#trying: [30, 29, 101, 100, 98, 32, 31]
151	1       580868919
#trying: [32, 101, 98, 30, 31, 29, 100]
152	1       207427150
#trying: [30, 101, 31, 100, 32, 98, 29]
153	1       394612558
#trying: [98, 32, 30, 29, 31, 101, 100]
154	1       374794540
#trying: [100, 101, 98, 29, 31, 32, 30]
155	1       211653647
#trying: [32, 100, 101, 98, 30, 29, 31]
156	1       209775286
#trying: [30, 32, 101, 100, 29, 98, 31]
157	1       395086284
#trying: [98, 31, 101, 100, 30, 29, 32]
158	1       396723164
#trying: [30, 100, 32, 98, 31, 101, 29]
159	1       396188263
#trying: [29, 30, 101, 31, 100, 32, 98]
160	1       210845681
#trying: [30, 100, 29, 98, 101, 32, 31]
161	1       405689977
#trying: [101, 29, 32, 100, 30, 31, 98]
162	1       193307538
#trying: [31, 100, 98, 101, 32, 29, 30]
163	1       1962435519
#trying: [30, 31, 100, 29, 32, 101, 98]
164	1       178523299
#trying: [32, 29, 101, 31, 100, 98, 30]
165	1       184627254
#trying: [101, 100, 29, 32, 31, 30, 98]
166	1       189426896
#trying: [29, 32, 30, 98, 31, 100, 101]
167	1       60039560
#trying: [31, 30, 100, 29, 98, 32, 101]
168	1       1574094413
#trying: [31, 101, 29, 100, 30, 32, 98]
169	1       1963536394
#trying: [98, 30, 31, 29, 32, 100, 101]
170	1       187262382
#trying: [29, 30, 31, 32, 98, 100, 101]
171	1       61316670
#trying: [30, 31, 32, 98, 100, 101, 29]
172	1       180806087
#trying: [98, 101, 32, 100, 29, 31, 30]
173	1       186036191
#trying: [32, 98, 31, 29, 100, 101, 30]
174	1       185499189
#trying: [32, 30, 31, 98, 29, 100, 101]
175	1       166855969
#trying: [101, 29, 98, 31, 32, 100, 30]
176	1       168733587
#trying: [31, 98, 101, 32, 30, 100, 29]
177	1       1573836938
#trying: [100, 29, 31, 30, 101, 32, 98]
178	1       178799673
#trying: [32, 30, 100, 31, 101, 98, 29]
179	1       51354723
#trying: [29, 100, 31, 30, 32, 101, 98]
180	1       191696128
#trying: [30, 31, 32, 98, 29, 101, 100]
181	1       211143592
#trying: [32, 101, 100, 30, 31, 29, 98]
182	1       192105360
#trying: [31, 100, 101, 98, 32, 30, 29]
183	1       1425309122
#trying: [31, 101, 29, 30, 100, 98, 32]
184	1       1446677543
#trying: [32, 29, 100, 30, 98, 31, 101]
185	1       53513107
#trying: [30, 32, 101, 31, 98, 29, 100]
186	1       170977601
#trying: [30, 29, 100, 32, 101, 98, 31]
187	1       46550291
#trying: [101, 30, 32, 100, 31, 29, 98]
188	1       172841457
#trying: [30, 101, 29, 31, 32, 98, 100]
189	1       171208070
#trying: [100, 98, 29, 101, 30, 32, 31]
190	1       181731038
#trying: [98, 31, 30, 29, 32, 100, 101]
191	1       181880281
#trying: [100, 98, 30, 101, 29, 32, 31]
192	1       165112187
#trying: [101, 31, 98, 30, 29, 32, 100]
193	1       1388658168
#trying: [31, 98, 30, 101, 100, 32, 29]
194	1       1405006441
#trying: [31, 100, 98, 29, 32, 30, 101]
195	1       1373060969
#trying: [101, 100, 31, 98, 29, 32, 30]
196	1       1362259542
#trying: [29, 98, 100, 31, 101, 32, 30]
197	1       178538254
#trying: [31, 98, 32, 100, 101, 30, 29]
198	1       1542610434
#trying: [100, 31, 30, 29, 32, 98, 101]
199	1       1371220690
#trying: [98, 30, 29, 31, 32, 101, 100]
200	1       171220923
#trying: [100, 31, 30, 101, 29, 32, 98]
201	1       1404080455
#trying: [30, 29, 101, 100, 98, 31, 32]
202	1       48507708
#trying: [98, 32, 31, 101, 100, 30, 29]
203	1       62905895
#trying: [98, 29, 101, 31, 30, 100, 32]
204	1       45941745
#trying: [31, 101, 100, 98, 32, 30, 29]
205	1       1435832886
#trying: [101, 100, 98, 31, 30, 29, 32]
206	1       49753222
#trying: [98, 30, 31, 100, 101, 29, 32]
207	1       41329759
#trying: [100, 101, 31, 30, 98, 32, 29]
208	1       1253553494
#trying: [101, 29, 100, 30, 31, 32, 98]
209	1       52224492
#trying: [30, 29, 98, 32, 100, 101, 31]
210	1       44367040
#trying: [30, 32, 29, 98, 101, 31, 100]
211	1       188842213
#trying: [30, 29, 101, 98, 100, 32, 31]
212	1       172984493
#trying: [98, 30, 32, 31, 29, 100, 101]
213	1       175085401
#trying: [98, 31, 29, 100, 32, 101, 30]
214	1       188014059
#trying: [31, 98, 29, 100, 30, 32, 101]
215	1       1442068829
#trying: [101, 30, 32, 29, 98, 100, 31]
216	1       53965295
#trying: [100, 101, 29, 31, 30, 32, 98]
217	1       180616827
#trying: [101, 32, 98, 100, 29, 30, 31]
218	1       168457297
#trying: [98, 31, 101, 32, 29, 100, 30]
219	1       172475425
#trying: [101, 31, 32, 100, 29, 30, 98]
220	1       1388853895
#trying: [29, 101, 31, 30, 32, 98, 100]
221	1       193528150
#trying: [101, 30, 98, 31, 29, 32, 100]
222	1       51629242
#trying: [29, 32, 101, 98, 100, 31, 30]
223	1       185256809
#trying: [98, 29, 30, 100, 101, 32, 31]
224	1       175123335
#trying: [29, 31, 30, 101, 100, 32, 98]
225	1       183758407
#trying: [30, 98, 101, 29, 100, 31, 32]
226	1       178804714
#trying: [29, 101, 100, 98, 30, 32, 31]
227	1       59210433
#trying: [32, 31, 98, 30, 100, 29, 101]
228	1       1428905289
#trying: [29, 100, 32, 98, 101, 30, 31]
229	1       41672331
#trying: [98, 32, 30, 31, 29, 100, 101]
230	1       60864182
#trying: [31, 101, 30, 32, 98, 29, 100]
231	1       1239150573
#trying: [32, 98, 100, 31, 101, 29, 30]
232	1       66102202
#trying: [101, 100, 29, 31, 98, 30, 32]
233	1       50552337
#trying: [98, 29, 101, 30, 32, 31, 100]
234	1       167097403
#trying: [100, 98, 31, 29, 32, 101, 30]
235	1       43233506
#trying: [98, 100, 29, 101, 31, 32, 30]
236	1       43219230
#trying: [32, 101, 30, 29, 98, 100, 31]
237	1       40996555
#trying: [98, 31, 32, 101, 29, 30, 100]
238	1       65564029
#trying: [31, 101, 30, 29, 32, 100, 98]
239	1       1235684419
#trying: [29, 100, 98, 101, 31, 32, 30]
240	1       189353496
#trying: [31, 98, 32, 101, 30, 100, 29]
241	1       1376144743
#trying: [100, 32, 101, 29, 31, 30, 98]
242	1       172654652
#trying: [31, 32, 29, 100, 30, 98, 101]
243	1       1418952932
#trying: [98, 32, 101, 29, 31, 100, 30]
244	1       49264740
#trying: [30, 31, 32, 29, 98, 101, 100]
245	1       171509595
#trying: [101, 30, 32, 98, 100, 31, 29]
246	1       172401994
#trying: [32, 100, 29, 31, 101, 30, 98]
247	1       183932450
#trying: [32, 100, 98, 31, 101, 30, 29]
248	1       170993428
#trying: [98, 29, 31, 32, 101, 100, 30]
249	1       182243253
#trying: [30, 32, 29, 100, 98, 31, 101]
250	1       180312422
#trying: [101, 30, 98, 29, 32, 100, 31]
251	1       43905080
#trying: [100, 29, 30, 31, 98, 32, 101]
252	1       44053122
#trying: [100, 101, 30, 29, 32, 31, 98]
253	1       44800593
#trying: [32, 31, 30, 101, 29, 98, 100]
254	1       1236163666
#trying: [31, 29, 32, 100, 101, 98, 30]
255	1       1393646533
#trying: [29, 98, 101, 30, 100, 31, 32]
256	1       42367870
#trying: [98, 101, 100, 32, 30, 31, 29]
257	1       53738221
#trying: [98, 29, 100, 101, 30, 32, 31]
258	1       197060595
#trying: [98, 32, 29, 31, 100, 101, 30]
259	1       173238816
#trying: [30, 29, 100, 32, 31, 101, 98]
260	1       190771976
#trying: [30, 32, 98, 29, 101, 31, 100]
261	1       183217855
#trying: [30, 98, 100, 31, 32, 101, 29]
262	1       176566895
#trying: [98, 31, 30, 29, 101, 32, 100]
263	1       189155052
#trying: [31, 32, 101, 100, 29, 98, 30]
264	1       1645859358
#trying: [29, 101, 98, 31, 100, 30, 32]
265	1       186510809
#trying: [101, 31, 30, 100, 32, 98, 29]
266	1       1602522136
#trying: [31, 98, 32, 101, 29, 30, 100]
267	1       1582385707
#trying: [101, 100, 31, 29, 98, 30, 32]
268	1       1435842232
#trying: [29, 100, 101, 32, 31, 98, 30]
269	1       181761820
#trying: [101, 29, 100, 31, 98, 30, 32]
270	1       48197001
#trying: [32, 29, 101, 100, 98, 30, 31]
271	1       40652177
#trying: [31, 98, 100, 101, 29, 32, 30]
272	1       1271470178
#trying: [31, 30, 29, 101, 32, 98, 100]
273	1       1407193167
#trying: [32, 100, 31, 29, 30, 101, 98]
274	1       1399437771
#trying: [32, 98, 101, 30, 100, 29, 31]
275	1       49072890
#trying: [100, 98, 29, 31, 101, 32, 30]
276	1       44287299
#trying: [29, 30, 32, 31, 100, 101, 98]
277	1       177020048
#trying: [29, 30, 32, 31, 100, 98, 101]
278	1       169766779
#trying: [101, 100, 98, 32, 31, 29, 30]
279	1       167969020
#trying: [29, 101, 100, 30, 32, 98, 31]
280	1       166873156
#trying: [31, 29, 100, 101, 32, 98, 30]
281	1       1395274286
#trying: [32, 29, 31, 101, 30, 98, 100]
282	1       171660625
#trying: [29, 98, 31, 101, 30, 32, 100]
283	1       161910561
#trying: [31, 30, 101, 98, 100, 32, 29]
284	1       1397574453
#trying: [101, 98, 100, 29, 30, 31, 32]
285	1       46402349
#trying: [101, 32, 29, 30, 98, 100, 31]
286	1       160093621
#trying: [101, 31, 100, 29, 98, 30, 32]
287	1       1372948852
#trying: [100, 30, 29, 32, 98, 31, 101]
288	1       166529267
#trying: [31, 29, 100, 32, 101, 30, 98]
289	1       1561466536
#trying: [29, 98, 30, 32, 100, 101, 31]
290	1       178385702
#trying: [101, 100, 30, 32, 31, 29, 98]
291	1       170827227
#trying: [30, 32, 29, 101, 100, 98, 31]
292	1       172190631
#trying: [29, 101, 98, 32, 100, 30, 31]
293	1       52329964
#trying: [100, 30, 29, 101, 31, 98, 32]
294	1       55765550
#trying: [101, 30, 98, 100, 31, 32, 29]
295	1       44847265
#trying: [101, 98, 29, 31, 100, 32, 30]
296	1       185953674
#trying: [101, 29, 98, 100, 30, 32, 31]
297	1       180277221
#trying: [29, 98, 32, 31, 30, 101, 100]
298	1       191576244
#trying: [98, 31, 100, 30, 32, 101, 29]
299	1       233222340
#trying: [100, 29, 30, 31, 101, 32, 98]
300	1       222409616
#trying: [98, 101, 32, 30, 31, 100, 29]
301	1       202982248
#trying: [98, 29, 101, 31, 32, 100, 30]
302	1       172804509
#trying: [101, 30, 32, 98, 31, 100, 29]
303	1       183179646
#trying: [29, 30, 32, 100, 98, 31, 101]
304	1       176983214
#trying: [30, 101, 31, 100, 32, 29, 98]
305	1       64284507
#trying: [30, 29, 100, 31, 32, 98, 101]
306	1       171809715
#trying: [98, 29, 101, 31, 30, 32, 100]
307	1       172751651
#trying: [32, 100, 98, 29, 30, 31, 101]
308	1       178604538
#trying: [100, 101, 98, 31, 29, 30, 32]
309	1       172170809
#trying: [32, 30, 29, 101, 98, 31, 100]
310	1       186058924
#trying: [98, 30, 101, 29, 31, 32, 100]
311	1       58452739
#trying: [30, 100, 31, 32, 29, 101, 98]
312	1       171159149
#trying: [32, 29, 30, 31, 100, 98, 101]
313	1       168965827
#trying: [101, 31, 32, 100, 30, 98, 29]
314	1       1416524859
#trying: [100, 32, 98, 30, 101, 29, 31]
315	1       63973411
#trying: [98, 32, 100, 29, 31, 30, 101]
316	1       44854792
#trying: [101, 98, 30, 31, 29, 32, 100]
317	1       43883977
#trying: [100, 32, 30, 29, 98, 101, 31]
318	1       43796114
#trying: [31, 98, 30, 32, 101, 100, 29]
319	1       1273277288
#trying: [31, 100, 32, 30, 29, 98, 101]
320	1       1389063086
#trying: [98, 31, 30, 101, 32, 100, 29]
321	1       174847439
#trying: [29, 30, 32, 31, 98, 100, 101]
322	1       171481333
#trying: [30, 31, 100, 98, 29, 101, 32]
323	1       167253874
#trying: [32, 101, 98, 29, 30, 100, 31]
324	1       176369091
#trying: [100, 101, 32, 29, 30, 98, 31]
325	1       178348495
#trying: [29, 30, 32, 98, 101, 31, 100]
326	1       162281143
#trying: [101, 98, 30, 29, 32, 31, 100]
327	1       169872425
#trying: [98, 31, 29, 100, 101, 30, 32]
328	1       176085467
#trying: [30, 31, 101, 98, 29, 100, 32]
329	1       174213258
#trying: [29, 101, 100, 30, 98, 31, 32]
330	1       166409103
#trying: [100, 29, 30, 31, 101, 98, 32]
331	1       169682619
#trying: [31, 101, 100, 30, 98, 32, 29]
332	1       1370464394
#trying: [101, 98, 29, 30, 31, 100, 32]
333	1       168910691
#trying: [32, 29, 30, 98, 100, 101, 31]
334	1       167037797
#trying: [31, 98, 101, 29, 32, 100, 30]
335	1       1237052196
#trying: [30, 101, 29, 100, 98, 32, 31]
336	1       48795626
#trying: [30, 31, 29, 100, 32, 101, 98]
337	1       47222233
#trying: [100, 98, 29, 31, 32, 30, 101]
338	1       47533969
#trying: [29, 32, 100, 31, 101, 30, 98]
339	1       182022123
#trying: [31, 98, 100, 32, 101, 29, 30]
340	1       1389867723
#trying: [31, 32, 30, 100, 29, 98, 101]
341	1       1539428276
#trying: [98, 31, 32, 30, 101, 100, 29]
342	1       185685813
#trying: [101, 98, 30, 100, 29, 31, 32]
343	1       183195997
#trying: [100, 32, 29, 101, 98, 30, 31]
344	1       43916858
#trying: [31, 101, 98, 32, 30, 29, 100]
345	1       1607999054
#trying: [32, 29, 31, 30, 101, 100, 98]
346	1       186902183
#trying: [98, 32, 100, 30, 29, 101, 31]
347	1       183383293
#trying: [100, 29, 98, 101, 30, 32, 31]
348	1       54360675
#trying: [29, 100, 101, 30, 32, 98, 31]
349	1       186579990
#trying: [98, 100, 101, 29, 30, 32, 31]
350	1       175577529
#trying: [30, 29, 100, 98, 32, 101, 31]
351	1       173446008
#trying: [100, 98, 101, 31, 30, 29, 32]
352	1       182358978
#trying: [31, 32, 100, 98, 30, 101, 29]
353	1       1745941862
#trying: [101, 100, 98, 31, 32, 29, 30]
354	1       181860600
#trying: [101, 30, 29, 100, 98, 32, 31]
355	1       180440645
#trying: [29, 98, 31, 100, 32, 101, 30]
356	1       53711404
#trying: [100, 98, 31, 29, 30, 101, 32]
357	1       49986056
#trying: [31, 100, 30, 101, 29, 32, 98]
358	1       1450377649
#trying: [101, 31, 30, 98, 29, 32, 100]
359	1       1605641184
#trying: [31, 98, 30, 101, 32, 29, 100]
360	1       1545131316
#trying: [30, 101, 98, 29, 100, 32, 31]
361	1       170705702
#trying: [29, 101, 31, 32, 98, 100, 30]
362	1       179032286
#trying: [32, 101, 29, 31, 30, 100, 98]
363	1       176533625
#trying: [31, 98, 32, 101, 29, 100, 30]
364	1       1398993711
#trying: [31, 101, 30, 98, 29, 32, 100]
365	1       1399679225
#trying: [31, 32, 29, 101, 100, 30, 98]
366	1       1364854976
#trying: [101, 98, 31, 29, 32, 30, 100]
367	1       173385539
#trying: [32, 100, 98, 31, 30, 29, 101]
368	1       47295762
#trying: [100, 101, 98, 30, 32, 29, 31]
369	1       42990772
#trying: [32, 100, 101, 30, 31, 98, 29]
370	1       51386184
#trying: [29, 100, 30, 101, 31, 32, 98]
371	1       50872034
#trying: [31, 101, 100, 32, 29, 98, 30]
372	1       1380442535
#trying: [30, 29, 100, 31, 101, 32, 98]
373	1       186423512
#trying: [32, 100, 30, 29, 31, 101, 98]
374	1       168354313
#trying: [29, 31, 101, 100, 30, 32, 98]
375	1       170487655
#trying: [29, 100, 31, 101, 32, 98, 30]
376	1       175028545
#trying: [101, 100, 30, 98, 29, 32, 31]
377	1       164549783
#trying: [101, 100, 29, 30, 32, 98, 31]
378	1       174021601
#trying: [32, 29, 98, 100, 30, 31, 101]
379	1       169532080
#trying: [31, 32, 101, 98, 30, 100, 29]
380	1       1397423385
#trying: [31, 29, 30, 98, 101, 32, 100]
381	1       1377813593
#trying: [29, 100, 30, 32, 31, 101, 98]
382	1       170312614
#trying: [101, 98, 29, 32, 31, 30, 100]
383	1       176879042
#trying: [101, 32, 31, 29, 30, 100, 98]
384	1       1417008197
#trying: [100, 32, 101, 98, 31, 29, 30]
385	1       46145335
#trying: [29, 100, 30, 31, 101, 32, 98]
386	1       49296496
#trying: [29, 98, 30, 31, 32, 101, 100]
387	1       167485416
#trying: [29, 30, 98, 31, 100, 32, 101]
388	1       162625300
#trying: [31, 101, 30, 32, 100, 29, 98]
389	1       1389345620
#trying: [32, 98, 31, 100, 30, 101, 29]
390	1       186450794
#trying: [100, 30, 101, 29, 31, 32, 98]
391	1       169684839
#trying: [32, 30, 101, 29, 100, 98, 31]
392	1       169136976
#trying: [29, 98, 101, 31, 30, 100, 32]
393	1       162738582
#trying: [29, 101, 32, 31, 100, 98, 30]
394	1       173366980
#trying: [31, 98, 101, 30, 29, 32, 100]
395	1       1395667020
#trying: [31, 100, 98, 30, 29, 101, 32]
396	1       1417362956
#trying: [101, 32, 100, 31, 98, 30, 29]
397	1       1733884984
#trying: [29, 101, 100, 32, 30, 98, 31]
398	1       169800872
#trying: [30, 31, 101, 98, 100, 29, 32]
399	1       173785008
#trying: [32, 30, 100, 98, 29, 31, 101]
400	1       171223328
#trying: [29, 98, 101, 32, 31, 100, 30]
401	1       53979758
#trying: [100, 32, 31, 30, 98, 101, 29]
402	1       1587560417
#trying: [32, 29, 30, 101, 98, 100, 31]
403	1       189363893
#trying: [31, 100, 29, 30, 101, 32, 98]
404	1       1591121976
#trying: [98, 30, 100, 29, 31, 32, 101]
405	1       53950805
#trying: [31, 100, 32, 101, 98, 29, 30]
406	1       1435285401
#trying: [30, 101, 32, 31, 100, 98, 29]
407	1       51164036
#trying: [30, 98, 32, 31, 100, 29, 101]
408	1       47604635
#trying: [98, 31, 101, 29, 100, 32, 30]
409	1       183615268
#trying: [32, 30, 29, 98, 31, 100, 101]
410	1       181541099
#trying: [29, 98, 100, 31, 32, 101, 30]
411	1       169902185
#trying: [29, 31, 30, 100, 98, 32, 101]
412	1       174846302
#trying: [30, 101, 31, 32, 100, 29, 98]
413	1       171329325
#trying: [32, 31, 98, 101, 30, 100, 29]
414	1       1412593673
#trying: [29, 31, 100, 30, 98, 101, 32]
415	1       51905244
#trying: [98, 30, 32, 100, 101, 29, 31]
416	1       41132968
#trying: [29, 100, 30, 31, 32, 98, 101]
417	1       184788138
#trying: [31, 100, 101, 29, 32, 30, 98]
418	1       1808273746
#trying: [29, 101, 98, 32, 30, 31, 100]
419	1       183277438
#trying: [100, 32, 31, 29, 101, 98, 30]
420	1       1799792363
#trying: [98, 29, 100, 32, 31, 30, 101]
421	1       51476696
#trying: [100, 31, 101, 98, 29, 32, 30]
422	1       1777571487
#trying: [32, 30, 101, 29, 100, 31, 98]
423	1       175686277
#trying: [32, 30, 31, 98, 101, 29, 100]
424	1       180920273
#trying: [31, 101, 98, 100, 29, 32, 30]
425	1       1943449489
#trying: [101, 100, 30, 32, 29, 98, 31]
426	1       191596746
#trying: [98, 29, 31, 100, 32, 30, 101]
427	1       57266742
#trying: [31, 32, 30, 100, 101, 98, 29]
428	1       1426936080
#trying: [101, 32, 100, 98, 29, 31, 30]
429	1       75881101
#trying: [100, 98, 31, 32, 29, 101, 30]
430	1       47922611
#trying: [98, 101, 31, 32, 29, 100, 30]
431	1       175706370
#trying: [32, 29, 98, 30, 31, 101, 100]
432	1       174073729
#trying: [29, 30, 98, 101, 31, 32, 100]
433	1       166447314
#trying: [98, 100, 101, 31, 29, 32, 30]
434	1       166487417
#trying: [31, 29, 100, 32, 30, 98, 101]
435	1       1366683641
#trying: [101, 31, 100, 98, 29, 30, 32]
436	1       1398966201
#trying: [30, 29, 31, 32, 100, 98, 101]
437	1       49258528
#trying: [30, 32, 98, 29, 100, 31, 101]
438	1       51464733
#trying: [29, 98, 100, 101, 32, 30, 31]
439	1       56253547
#trying: [32, 30, 101, 31, 98, 29, 100]
440	1       47254770
#trying: [31, 30, 32, 100, 101, 29, 98]
441	1       1429352106
#trying: [98, 32, 29, 100, 30, 31, 101]
442	1       48215713
#trying: [98, 100, 29, 101, 31, 30, 32]
443	1       49056311
#trying: [101, 30, 29, 32, 98, 31, 100]
444	1       49094782
#trying: [31, 32, 101, 29, 100, 98, 30]
445	1       1394101301
#trying: [100, 29, 101, 32, 31, 30, 98]
446	1       175608819
#trying: [98, 31, 29, 30, 100, 32, 101]
447	1       177764397
#trying: [30, 98, 29, 32, 101, 31, 100]
448	1       172876282
#trying: [101, 30, 100, 29, 32, 31, 98]
449	1       170606399
#trying: [31, 100, 101, 30, 98, 29, 32]
450	1       1348142713
#trying: [101, 30, 98, 31, 32, 29, 100]
451	1       177945206
#trying: [30, 31, 29, 32, 100, 101, 98]
452	1       175066756
#trying: [101, 31, 98, 100, 32, 30, 29]
453	1       1580256057
#trying: [32, 100, 101, 29, 30, 98, 31]
454	1       172632341
#trying: [32, 30, 98, 100, 101, 29, 31]
455	1       164878311
#trying: [101, 29, 31, 32, 98, 100, 30]
456	1       181565802
#trying: [100, 32, 98, 31, 30, 101, 29]
457	1       180721325
#trying: [31, 98, 29, 101, 100, 30, 32]
458	1       1472749697
#trying: [98, 100, 30, 29, 31, 32, 101]
459	1       186935491
#trying: [100, 30, 101, 31, 32, 98, 29]
460	1       174594996
#trying: [30, 98, 100, 32, 101, 31, 29]
461	1       164578232
#trying: [100, 98, 32, 101, 30, 29, 31]
462	1       184672343
#trying: [101, 32, 30, 98, 31, 29, 100]
463	1       177983571
#trying: [101, 31, 32, 30, 98, 29, 100]
464	1       1258493244
#trying: [100, 98, 30, 101, 29, 31, 32]
465	1       186003193
#trying: [30, 98, 32, 100, 101, 31, 29]
466	1       179488874
#trying: [31, 32, 30, 29, 101, 98, 100]
467	1       1559231900
#trying: [98, 30, 29, 100, 31, 32, 101]
468	1       176699332
#trying: [98, 100, 30, 29, 32, 31, 101]
469	1       165300842
#trying: [100, 30, 32, 29, 31, 101, 98]
470	1       169334161
#trying: [31, 29, 98, 101, 100, 32, 30]
471	1       1601192842
#trying: [32, 100, 98, 30, 29, 101, 31]
472	1       180957148
#trying: [100, 32, 31, 30, 29, 101, 98]
473	1       1623611334
#trying: [100, 98, 32, 31, 29, 30, 101]
474	1       195301809
#trying: [101, 100, 98, 30, 31, 32, 29]
475	1       173279505
#trying: [30, 100, 101, 31, 32, 29, 98]
476	1       44359289
#trying: [32, 101, 29, 30, 31, 98, 100]
477	1       168301778
#trying: [32, 30, 100, 98, 101, 29, 31]
478	1       184989001
#trying: [29, 101, 32, 100, 31, 98, 30]
479	1       53178323
#trying: [32, 100, 30, 98, 31, 101, 29]
480	1       48477398
#trying: [98, 100, 101, 29, 32, 30, 31]
481	1       187737099
#trying: [100, 31, 98, 30, 29, 101, 32]
482	1       1543914661
#trying: [101, 29, 32, 100, 98, 31, 30]
483	1       171554377
#trying: [31, 30, 98, 29, 32, 100, 101]
484	1       1395214908
#trying: [29, 32, 31, 98, 30, 101, 100]
485	1       179225906
#trying: [31, 29, 32, 100, 98, 101, 30]
486	1       1390585011
#trying: [32, 31, 101, 98, 100, 30, 29]
487	1       1243629248
#trying: [31, 32, 29, 101, 100, 98, 30]
488	1       1256830355
#trying: [100, 29, 30, 98, 32, 101, 31]
489	1       55071293
#trying: [29, 31, 30, 100, 98, 101, 32]
490	1       181289211
#trying: [29, 100, 31, 98, 101, 30, 32]
491	1       173465537
#trying: [32, 29, 98, 100, 101, 31, 30]
492	1       173413323
#trying: [100, 32, 30, 98, 29, 31, 101]
493	1       166738593
#trying: [100, 30, 32, 98, 101, 31, 29]
494	1       48466043
#trying: [31, 29, 30, 98, 101, 100, 32]
495	1       1243878456
#trying: [101, 98, 29, 100, 32, 30, 31]
496	1       43960922
#trying: [29, 101, 31, 30, 32, 100, 98]
497	1       47474159
#trying: [101, 32, 100, 98, 29, 30, 31]
498	1       40048449
#trying: [101, 30, 29, 31, 32, 100, 98]
499	1       42394517
#trying: [100, 30, 31, 98, 29, 32, 101]
500	1       42670997
#trying: [32, 29, 31, 98, 100, 101, 30]
501	1       178189501
#trying: [101, 32, 31, 30, 29, 98, 100]
502	1       1238231629
#trying: [100, 31, 30, 101, 29, 98, 32]
503	1       1390541309
#trying: [98, 30, 31, 101, 32, 29, 100]
504	1       49536024
#trying: [29, 30, 32, 101, 98, 31, 100]
505	1       47981044
#trying: [101, 29, 32, 31, 100, 98, 30]
506	1       57540957
#trying: [30, 31, 100, 32, 98, 101, 29]
507	1       49804083
#trying: [30, 100, 32, 29, 98, 101, 31]
508	1       47725615
#trying: [98, 101, 100, 31, 30, 29, 32]
509	1       166921328
#trying: [30, 32, 98, 100, 31, 101, 29]
510	1       171810208
#trying: [29, 101, 31, 100, 98, 32, 30]
511	1       180358568
#trying: [30, 31, 98, 29, 100, 32, 101]
512	1       176988925
#trying: [30, 29, 31, 101, 100, 32, 98]
513	1       173166208
#trying: [29, 32, 30, 101, 31, 100, 98]
514	1       175624954
#trying: [31, 100, 30, 29, 98, 101, 32]
515	1       1260425327
#trying: [29, 31, 32, 100, 30, 98, 101]
516	1       56544967
#trying: [30, 31, 98, 32, 29, 101, 100]
517	1       177271885
#trying: [101, 98, 29, 32, 100, 30, 31]
518	1       182186766
#trying: [101, 100, 30, 31, 29, 32, 98]
519	1       166934874
#trying: [32, 100, 29, 98, 101, 30, 31]
520	1       164756062
#trying: [29, 32, 31, 100, 98, 30, 101]
521	1       182272138
#trying: [101, 30, 29, 32, 100, 98, 31]
522	1       185847521
#trying: [100, 101, 30, 98, 31, 29, 32]
523	1       50739932
#trying: [100, 101, 31, 98, 32, 30, 29]
524	1       1421497815
#trying: [101, 29, 100, 98, 31, 32, 30]
525	1       176943620
#trying: [31, 32, 29, 98, 101, 100, 30]
526	1       1664728906
#trying: [101, 32, 98, 31, 100, 30, 29]
527	1       189592463
#trying: [100, 101, 32, 30, 31, 29, 98]
528	1       189331154
#trying: [29, 100, 32, 101, 98, 31, 30]
529	1       195046465
#trying: [101, 98, 100, 31, 32, 30, 29]
530	1       212665910
#trying: [100, 101, 29, 98, 31, 30, 32]
531	1       46459776
#trying: [30, 32, 98, 31, 100, 29, 101]
532	1       56201622
#trying: [101, 30, 29, 32, 31, 98, 100]
533	1       175453354
#trying: [100, 29, 101, 30, 98, 31, 32]
534	1       170757964
#trying: [32, 100, 98, 29, 31, 101, 30]
535	1       188810338
#trying: [30, 100, 31, 98, 32, 29, 101]
536	1       176074233
#trying: [100, 32, 31, 29, 98, 30, 101]
537	1       1556126879
#trying: [100, 30, 32, 98, 101, 29, 31]
538	1       182632506
#trying: [29, 98, 32, 101, 31, 30, 100]
539	1       46101049
#trying: [98, 30, 100, 29, 101, 32, 31]
540	1       45326262
#trying: [100, 32, 31, 98, 101, 29, 30]
541	1       1252709623
#trying: [30, 31, 100, 98, 32, 29, 101]
542	1       181873854
#trying: [101, 32, 98, 30, 31, 100, 29]
543	1       171197293
#trying: [100, 101, 29, 98, 30, 32, 31]
544	1       167224214
#trying: [30, 100, 32, 31, 101, 98, 29]
545	1       173668258
#trying: [98, 101, 100, 29, 32, 31, 30]
546	1       172423948
#trying: [101, 30, 29, 32, 31, 100, 98]
547	1       172702241
#trying: [100, 30, 29, 98, 31, 101, 32]
548	1       172238470
#trying: [100, 29, 30, 98, 31, 32, 101]
549	1       173297625
#trying: [29, 32, 101, 30, 100, 31, 98]
550	1       174222428
#trying: [100, 31, 29, 98, 101, 30, 32]
551	1       1535924409
#trying: [30, 98, 29, 31, 100, 101, 32]
552	1       44469858
#trying: [31, 100, 98, 32, 101, 29, 30]
553	1       1246955149
#trying: [29, 101, 100, 30, 32, 31, 98]
554	1       44304235
#trying: [100, 31, 32, 98, 101, 30, 29]
555	1       1593290554
#trying: [31, 30, 32, 98, 101, 29, 100]
556	1       1420094191
#trying: [98, 29, 32, 101, 30, 31, 100]
557	1       186238862
#trying: [31, 101, 98, 29, 100, 30, 32]
558	1       1378834395
#trying: [31, 32, 98, 100, 30, 29, 101]
559	1       1388577949
#trying: [31, 29, 32, 101, 98, 30, 100]
560	1       1410601407
#trying: [32, 98, 30, 29, 31, 100, 101]
561	1       172810937
#trying: [29, 100, 32, 31, 30, 98, 101]
562	1       175677993
#trying: [98, 30, 29, 32, 100, 101, 31]
563	1       167838723
#trying: [100, 31, 29, 32, 30, 101, 98]
564	1       1394345633
#trying: [98, 100, 29, 31, 32, 30, 101]
565	1       47274548
#trying: [101, 98, 29, 32, 31, 100, 30]
566	1       51139274
#trying: [31, 98, 29, 30, 32, 100, 101]
567	1       1582828941
#trying: [98, 101, 32, 31, 100, 30, 29]
568	1       210494210
#trying: [30, 29, 100, 98, 32, 31, 101]
569	1       65875839
#trying: [30, 101, 98, 31, 100, 29, 32]
570	1       45265859
#trying: [98, 30, 29, 31, 100, 101, 32]
571	1       46555605
#trying: [101, 29, 31, 100, 98, 30, 32]
572	1       172942741
#trying: [98, 29, 31, 100, 30, 101, 32]
573	1       177980760
#trying: [32, 30, 29, 100, 98, 101, 31]
574	1       183863133
#trying: [30, 101, 29, 100, 98, 31, 32]
575	1       171217441
#trying: [32, 98, 30, 100, 29, 31, 101]
576	1       53614817
#trying: [30, 29, 98, 32, 101, 100, 31]
577	1       52637567
#trying: [98, 100, 31, 32, 30, 29, 101]
578	1       55620487
#trying: [31, 29, 32, 101, 98, 100, 30]
579	1       1440711364
#trying: [31, 32, 30, 101, 98, 100, 29]
580	1       1250513461
#trying: [101, 100, 98, 30, 32, 31, 29]
581	1       48163293
#trying: [30, 98, 101, 100, 29, 31, 32]
582	1       46887341
#trying: [32, 98, 31, 30, 29, 101, 100]
583	1       184209352
#trying: [31, 30, 98, 32, 29, 100, 101]
584	1       1604521962
#trying: [30, 100, 31, 98, 101, 32, 29]
585	1       63279775
#trying: [32, 98, 29, 30, 101, 31, 100]
586	1       48828096
#trying: [101, 29, 31, 98, 32, 30, 100]
587	1       172858803
#trying: [101, 32, 98, 100, 31, 30, 29]
588	1       177415036
#trying: [98, 31, 29, 30, 100, 101, 32]
589	1       183532200
#trying: [100, 31, 98, 29, 30, 101, 32]
590	1       1738891819
#trying: [98, 31, 101, 100, 29, 30, 32]
591	1       195215384
#trying: [31, 101, 30, 98, 100, 32, 29]
592	1       1546411868
#trying: [32, 98, 100, 31, 29, 30, 101]
593	1       176900852
#trying: [101, 29, 30, 100, 32, 31, 98]
594	1       180599591
#trying: [32, 101, 29, 31, 100, 30, 98]
595	1       59340390
#trying: [29, 32, 98, 100, 101, 31, 30]
596	1       60561358
#trying: [101, 100, 98, 30, 32, 29, 31]
597	1       189944027
#trying: [29, 30, 98, 101, 100, 32, 31]
598	1       177317464
#trying: [98, 30, 32, 29, 31, 101, 100]
599	1       172886314
#trying: [100, 98, 29, 32, 30, 101, 31]
600	1       55007438
#trying: [100, 101, 29, 32, 31, 98, 30]
601	1       184964986
#trying: [98, 32, 29, 100, 31, 101, 30]
602	1       182008212
#trying: [31, 98, 30, 101, 29, 32, 100]
603	1       1757501207
#trying: [100, 101, 29, 31, 32, 98, 30]
604	1       191412268
#trying: [32, 29, 30, 31, 98, 100, 101]
605	1       181098236
#trying: [32, 30, 98, 31, 29, 100, 101]
606	1       51696224
#trying: [98, 101, 31, 32, 30, 100, 29]
607	1       68348978
#trying: [30, 32, 101, 31, 29, 100, 98]
608	1       175579585
#trying: [101, 98, 31, 30, 29, 100, 32]
609	1       190665732
#trying: [101, 30, 100, 31, 32, 29, 98]
610	1       183617336
#trying: [101, 32, 29, 100, 98, 30, 31]
611	1       50369177
#trying: [31, 32, 100, 29, 30, 101, 98]
612	1       1619313587
#trying: [30, 32, 31, 100, 101, 29, 98]
613	1       179191400
#trying: [32, 29, 101, 100, 98, 31, 30]
614	1       174591034
#trying: [100, 29, 32, 98, 31, 101, 30]
615	1       59997346
#trying: [98, 100, 32, 29, 101, 31, 30]
616	1       179871042
#trying: [98, 31, 32, 30, 101, 29, 100]
617	1       188858609
#trying: [100, 101, 32, 98, 31, 30, 29]
618	1       178008618
#trying: [30, 29, 32, 100, 31, 101, 98]
619	1       184344171
#trying: [98, 31, 101, 30, 100, 29, 32]
620	1       57410064
#trying: [32, 100, 98, 30, 101, 29, 31]
621	1       184722940
#trying: [30, 32, 100, 98, 31, 29, 101]
622	1       176627311
#trying: [31, 30, 29, 98, 100, 101, 32]
623	1       1555531604
#trying: [32, 100, 29, 30, 101, 31, 98]
624	1       183265971
#trying: [98, 29, 31, 101, 100, 32, 30]
625	1       180957127
#trying: [31, 29, 30, 100, 98, 32, 101]
626	1       1621367778
#trying: [29, 101, 31, 100, 32, 30, 98]
627	1       192966070
#trying: [100, 31, 32, 29, 101, 98, 30]
628	1       1635895141
#trying: [98, 100, 101, 30, 32, 31, 29]
629	1       179937843
#trying: [100, 30, 101, 32, 98, 31, 29]
630	1       44112384
#trying: [29, 30, 100, 32, 101, 31, 98]
631	1       58936282
#trying: [31, 101, 100, 98, 29, 30, 32]
632	1       1415650730
#trying: [32, 98, 31, 29, 100, 30, 101]
633	1       187538417
#trying: [98, 30, 100, 29, 32, 101, 31]
634	1       46649236
#trying: [29, 30, 101, 98, 31, 32, 100]
635	1       51013496
#trying: [30, 32, 29, 98, 100, 101, 31]
636	1       60418593
#trying: [100, 31, 101, 32, 29, 30, 98]
637	1       1396504702
#trying: [98, 100, 31, 32, 29, 30, 101]
638	1       171013541
#trying: [98, 101, 100, 29, 30, 31, 32]
639	1       171765985
#trying: [32, 31, 30, 101, 29, 100, 98]
640	1       1396355191
#trying: [30, 100, 32, 31, 29, 98, 101]
641	1       43701755
#trying: [31, 100, 30, 29, 98, 32, 101]
642	1       1398950805
#trying: [29, 32, 101, 100, 31, 30, 98]
643	1       175802398
#trying: [29, 100, 31, 98, 32, 30, 101]
644	1       183058381
#trying: [31, 100, 30, 29, 101, 32, 98]
645	1       1377676246
#trying: [98, 101, 29, 30, 31, 32, 100]
646	1       169135292
#trying: [98, 29, 31, 100, 101, 32, 30]
647	1       47684318
#trying: [98, 31, 100, 101, 32, 30, 29]
648	1       60511286
#trying: [31, 101, 32, 29, 100, 30, 98]
649	1       1443067031
#trying: [32, 98, 100, 30, 101, 31, 29]
650	1       174545360
#trying: [98, 100, 29, 31, 30, 32, 101]
651	1       162172077
#trying: [30, 98, 100, 101, 29, 31, 32]
652	1       166224932
#trying: [30, 101, 32, 29, 31, 100, 98]
653	1       181513663
#trying: [31, 32, 98, 29, 101, 30, 100]
654	1       1368922119
#trying: [98, 31, 100, 30, 29, 101, 32]
655	1       175543681
#trying: [31, 32, 98, 101, 29, 30, 100]
656	1       1559909940
#trying: [30, 100, 101, 31, 32, 98, 29]
657	1       171484887
#trying: [100, 98, 29, 30, 31, 101, 32]
658	1       172852501
#trying: [100, 98, 101, 29, 31, 32, 30]
659	1       174988624
#trying: [98, 30, 31, 32, 29, 101, 100]
660	1       167498477
#trying: [32, 101, 31, 100, 98, 30, 29]
661	1       1748322983
#trying: [100, 32, 30, 98, 31, 29, 101]
662	1       173472488
#trying: [100, 98, 101, 29, 30, 31, 32]
663	1       174607281
#trying: [29, 98, 31, 30, 101, 32, 100]
664	1       184069642
#trying: [101, 32, 30, 29, 31, 100, 98]
665	1       62444081
#trying: [30, 29, 98, 31, 32, 101, 100]
666	1       180991028
#trying: [100, 101, 30, 32, 31, 29, 98]
667	1       181489401
#trying: [29, 32, 30, 101, 98, 31, 100]
668	1       58552433
#trying: [30, 101, 32, 31, 29, 98, 100]
669	1       52840482
#trying: [98, 29, 30, 32, 101, 100, 31]
670	1       179418116
#trying: [32, 101, 31, 29, 98, 100, 30]
671	1       1802078287
#trying: [101, 30, 32, 31, 98, 100, 29]
672	1       62710120
#trying: [32, 101, 30, 98, 29, 31, 100]
673	1       182002481
#trying: [29, 31, 32, 98, 30, 101, 100]
674	1       177326938
#trying: [98, 101, 29, 31, 30, 100, 32]
675	1       185116343
#trying: [100, 31, 32, 30, 101, 29, 98]
676	1       1455545808
#trying: [100, 32, 101, 29, 30, 31, 98]
677	1       49318356
#trying: [100, 31, 29, 101, 30, 98, 32]
678	1       1601167835
#trying: [101, 98, 31, 32, 30, 100, 29]
679	1       194337357
#trying: [100, 29, 32, 101, 31, 30, 98]
680	1       60880369
#trying: [98, 32, 31, 29, 30, 101, 100]
681	1       184204329
#trying: [29, 100, 98, 30, 31, 101, 32]
682	1       180735030
#trying: [101, 100, 30, 98, 31, 29, 32]
683	1       180191102
#trying: [98, 32, 100, 29, 101, 31, 30]
684	1       173557503
#trying: [100, 29, 31, 98, 30, 101, 32]
685	1       61379032
#trying: [98, 31, 32, 29, 101, 30, 100]
686	1       194315569
#trying: [98, 32, 101, 29, 31, 30, 100]
687	1       177344198
#trying: [31, 101, 30, 29, 32, 98, 100]
688	1       1771671707
#trying: [31, 101, 98, 100, 29, 30, 32]
689	1       1602389310
#trying: [100, 30, 98, 29, 32, 101, 31]
690	1       186319265
#trying: [31, 100, 29, 98, 30, 101, 32]
691	1       1963548334
#trying: [29, 98, 30, 100, 32, 101, 31]
692	1       173002386
#trying: [98, 101, 100, 30, 29, 32, 31]
693	1       191476054
#trying: [100, 30, 32, 29, 31, 98, 101]
694	1       49082775
#trying: [31, 29, 30, 101, 98, 100, 32]
695	1       1597420897
#trying: [32, 30, 31, 101, 100, 98, 29]
696	1       175637195
#trying: [32, 29, 101, 100, 30, 31, 98]
697	1       175850991
#trying: [100, 29, 30, 101, 31, 32, 98]
698	1       66080852
#trying: [30, 29, 98, 101, 32, 31, 100]
699	1       175321116
#trying: [30, 101, 32, 31, 100, 29, 98]
700	1       185374832
#trying: [98, 101, 32, 100, 29, 30, 31]
701	1       177077665
#trying: [98, 30, 31, 100, 32, 101, 29]
702	1       63650452
#trying: [29, 30, 32, 31, 98, 101, 100]
703	1       50309608
#trying: [31, 32, 100, 101, 30, 29, 98]
704	1       1621115160
#trying: [98, 32, 31, 101, 100, 29, 30]
705	1       188056124
#trying: [98, 100, 29, 32, 30, 31, 101]
706	1       179574180
#trying: [100, 101, 32, 98, 29, 30, 31]
707	1       183912777
#trying: [31, 32, 98, 101, 30, 100, 29]
708	1       1757221598
#trying: [29, 100, 32, 98, 31, 101, 30]
709	1       174245959
#trying: [30, 101, 100, 29, 32, 31, 98]
710	1       174106440
#trying: [32, 101, 30, 100, 98, 31, 29]
711	1       185154251
#trying: [101, 31, 100, 29, 32, 98, 30]
712	1       1428832349
#trying: [31, 32, 29, 100, 101, 98, 30]
713	1       1439486759
#trying: [100, 29, 32, 30, 31, 101, 98]
714	1       174077523
#trying: [98, 30, 101, 32, 29, 31, 100]
715	1       45343161
#trying: [29, 30, 32, 100, 31, 98, 101]
716	1       46601009
#trying: [31, 32, 29, 98, 100, 101, 30]
717	1       1576346764
#trying: [100, 32, 98, 101, 31, 29, 30]
718	1       54161012
#trying: [101, 98, 32, 31, 100, 30, 29]
719	1       59992028
#trying: [30, 100, 98, 31, 32, 101, 29]
720	1       42670179
#trying: [29, 100, 31, 98, 30, 32, 101]
721	1       170747284
#trying: [100, 30, 31, 29, 101, 98, 32]
722	1       43861873
#trying: [101, 32, 98, 31, 30, 100, 29]
723	1       52701485
#trying: [30, 100, 98, 32, 101, 29, 31]
724	1       173068913
#trying: [29, 100, 98, 30, 32, 101, 31]
725	1       169543803
#trying: [32, 100, 29, 101, 98, 30, 31]
726	1       171858702
#trying: [100, 30, 29, 32, 101, 98, 31]
727	1       169717583
#trying: [30, 101, 98, 29, 32, 100, 31]
728	1       169573834
#trying: [30, 32, 100, 29, 101, 98, 31]
729	1       171723165
#trying: [31, 100, 98, 30, 101, 29, 32]
730	1       1424064409
#trying: [30, 32, 101, 31, 100, 29, 98]
731	1       58376551
#trying: [31, 30, 100, 29, 32, 101, 98]
732	1       1580234784
#trying: [30, 98, 101, 32, 31, 100, 29]
733	1       164525832
#trying: [29, 32, 98, 30, 31, 101, 100]
734	1       40474007
#trying: [31, 32, 101, 100, 98, 29, 30]
735	1       1392357044
#trying: [30, 29, 32, 100, 98, 31, 101]
736	1       175450452
#trying: [30, 98, 29, 32, 100, 101, 31]
737	1       168905617
#trying: [98, 31, 30, 29, 100, 32, 101]
738	1       178214439
#trying: [32, 29, 101, 31, 30, 98, 100]
739	1       168264785
#trying: [98, 30, 100, 32, 101, 31, 29]
740	1       55502314
#trying: [29, 98, 32, 100, 101, 31, 30]
741	1       49296975
#trying: [30, 101, 98, 31, 32, 100, 29]
742	1       190592366
#trying: [100, 32, 29, 31, 98, 30, 101]
743	1       183013111
#trying: [32, 98, 101, 31, 30, 100, 29]
744	1       182665629
#trying: [101, 100, 30, 31, 32, 29, 98]
745	1       64521761
#trying: [98, 101, 30, 29, 31, 32, 100]
746	1       46552810
#trying: [101, 29, 32, 31, 30, 98, 100]
747	1       56665080
#trying: [29, 32, 30, 31, 101, 98, 100]
748	1       186503702
#trying: [29, 100, 30, 98, 101, 31, 32]
749	1       185060229
#trying: [101, 30, 31, 32, 29, 98, 100]
750	1       58810117
#trying: [98, 30, 29, 31, 101, 100, 32]
751	1       186470598
#trying: [100, 31, 32, 29, 98, 30, 101]
752	1       1623867133
#trying: [100, 31, 98, 101, 32, 29, 30]
753	1       1614314679
#trying: [31, 32, 29, 30, 100, 98, 101]
754	1       1634401009
#trying: [30, 100, 101, 31, 29, 98, 32]
755	1       168013602
#trying: [101, 98, 100, 30, 31, 32, 29]
756	1       173350464
#trying: [100, 31, 101, 30, 32, 29, 98]
757	1       1779860663
#trying: [29, 30, 31, 100, 98, 32, 101]
758	1       60108981
#trying: [100, 98, 31, 30, 101, 29, 32]
759	1       183713093
#trying: [32, 30, 31, 100, 98, 29, 101]
760	1       185438572
#trying: [31, 30, 101, 100, 98, 29, 32]
761	1       1579503422
#trying: [31, 29, 98, 32, 30, 101, 100]
762	1       1418224160
#trying: [31, 101, 100, 29, 32, 98, 30]
763	1       1352406759
#trying: [32, 100, 101, 30, 98, 29, 31]
764	1       174925150
#trying: [29, 98, 101, 100, 31, 30, 32]
765	1       172314428
#trying: [31, 100, 101, 98, 30, 29, 32]
766	1       1397514379
#trying: [100, 29, 98, 32, 31, 101, 30]
767	1       166487191
#trying: [29, 100, 31, 98, 101, 32, 30]
768	1       176138548
#trying: [98, 32, 101, 100, 30, 31, 29]
769	1       41650057
#trying: [100, 30, 98, 101, 29, 32, 31]
770	1       164841578
#trying: [100, 30, 98, 101, 31, 32, 29]
771	1       172046840
#trying: [29, 32, 30, 100, 31, 101, 98]
772	1       165107700
#trying: [29, 100, 30, 98, 31, 101, 32]
773	1       169626077
#trying: [32, 29, 100, 98, 30, 101, 31]
774	1       169084556
#trying: [98, 30, 101, 100, 32, 29, 31]
775	1       169788246
#trying: [98, 100, 31, 30, 29, 32, 101]
776	1       168850118
