#PROBLEM: aim-50-2_0-no-1 & longest chain length: 12 & average chain length: 3.7647 & median chain length: 2 & varNum: 50 & clauseNum: 100 & chains: 17 & timeout: 40s 
#original chain with index 28: [11, 18, 21, 12, 15, 105, 107, 1, 101, 4, 7, 3] 
#trying: [18, 3, 11, 101, 15, 1, 107, 105, 7, 12, 21, 4]
0	1       44308528
#trying: [21, 18, 107, 1, 15, 105, 7, 4, 12, 101, 11, 3]
1	1       473937752
#trying: [101, 3, 15, 18, 12, 1, 11, 21, 7, 107, 4, 105]
2	1       40861006
#trying: [21, 12, 7, 101, 15, 105, 1, 11, 18, 4, 107, 3]
3	Timeout 
#trying: [12, 18, 3, 105, 101, 11, 7, 21, 107, 1, 15, 4]
4	Timeout 
#trying: [12, 15, 11, 21, 105, 3, 101, 1, 18, 4, 107, 7]
5	1       90612097
#trying: [4, 15, 107, 101, 3, 21, 18, 7, 1, 12, 105, 11]
6	Timeout 
#trying: [21, 12, 107, 4, 105, 3, 11, 18, 1, 7, 15, 101]
7	Timeout 
#trying: [1, 107, 3, 15, 101, 12, 18, 21, 11, 7, 105, 4]
8	1       41086698
#trying: [11, 4, 107, 1, 21, 7, 3, 12, 101, 105, 15, 18]
9	Timeout 
#trying: [101, 107, 21, 15, 105, 4, 1, 11, 7, 12, 18, 3]
10	Timeout 
#trying: [4, 101, 105, 107, 18, 11, 12, 15, 3, 21, 7, 1]
11	Timeout 
#trying: [1, 18, 21, 101, 107, 4, 3, 15, 105, 12, 11, 7]
12	Timeout 
#trying: [11, 12, 101, 18, 105, 7, 1, 3, 15, 4, 107, 21]
13	1       32851083724
#trying: [11, 107, 12, 7, 18, 4, 15, 3, 1, 101, 21, 105]
14	Timeout 
#trying: [11, 18, 21, 107, 105, 12, 101, 7, 15, 4, 3, 1]
15	Timeout 
#trying: [18, 107, 15, 4, 12, 7, 105, 21, 11, 3, 101, 1]
16	Timeout 
#trying: [107, 1, 12, 4, 15, 3, 7, 105, 18, 21, 101, 11]
17	Timeout 
#trying: [101, 3, 4, 12, 15, 107, 18, 105, 21, 7, 1, 11]
18	Timeout 
#trying: [101, 15, 18, 107, 4, 21, 11, 3, 7, 105, 12, 1]
19	Timeout 
#trying: [15, 7, 107, 4, 18, 1, 11, 105, 3, 12, 21, 101]
20	Timeout 
#trying: [1, 12, 18, 101, 7, 107, 11, 21, 3, 105, 15, 4]
21	1       172814698
#trying: [21, 11, 4, 3, 107, 1, 15, 105, 18, 101, 7, 12]
22	Timeout 
#trying: [1, 21, 4, 18, 11, 105, 15, 3, 7, 107, 101, 12]
23	Timeout 
#trying: [18, 12, 105, 21, 11, 107, 1, 101, 3, 15, 4, 7]
24	Timeout 
#trying: [7, 4, 18, 1, 12, 11, 15, 107, 101, 21, 3, 105]
25	Timeout 
#trying: [7, 101, 3, 105, 1, 11, 18, 12, 4, 15, 21, 107]
26	Timeout 
#trying: [4, 15, 101, 1, 107, 105, 12, 7, 18, 11, 21, 3]
27	Timeout 
#trying: [101, 11, 3, 12, 15, 107, 7, 18, 21, 1, 105, 4]
28	1       39567074
#trying: [101, 15, 4, 7, 18, 3, 12, 107, 21, 11, 1, 105]
29	Timeout 
#trying: [7, 105, 101, 12, 11, 1, 4, 107, 3, 15, 21, 18]
30	Timeout 
#trying: [1, 3, 12, 11, 15, 4, 21, 105, 101, 18, 107, 7]
31	1       825803940
#trying: [18, 105, 3, 4, 12, 107, 15, 7, 21, 101, 1, 11]
32	Timeout 
#trying: [1, 21, 101, 4, 15, 12, 105, 7, 107, 18, 11, 3]
33	Timeout 
#trying: [18, 7, 11, 12, 105, 1, 3, 21, 107, 101, 4, 15]
34	Timeout 
#trying: [101, 3, 11, 12, 1, 15, 7, 105, 21, 18, 4, 107]
35	1       42360630
#trying: [4, 101, 11, 18, 105, 107, 1, 15, 7, 21, 3, 12]
36	Timeout 
#trying: [101, 3, 105, 11, 18, 107, 1, 15, 12, 4, 7, 21]
37	Timeout 
#trying: [101, 1, 18, 4, 105, 12, 3, 21, 11, 107, 7, 15]
38	Timeout 
#trying: [21, 12, 3, 18, 101, 1, 11, 7, 15, 107, 4, 105]
39	1       55314395
#trying: [11, 12, 101, 107, 3, 18, 105, 15, 7, 1, 21, 4]
40	1       3437307095
#trying: [11, 4, 101, 105, 15, 1, 21, 7, 12, 107, 18, 3]
41	Timeout 
#trying: [15, 101, 12, 21, 4, 1, 11, 7, 105, 107, 18, 3]
42	Timeout 
#trying: [7, 105, 3, 4, 107, 12, 21, 1, 101, 11, 18, 15]
43	Timeout 
#trying: [18, 21, 11, 4, 105, 12, 107, 1, 7, 3, 101, 15]
44	Timeout 
#trying: [11, 107, 1, 12, 4, 15, 101, 3, 21, 18, 7, 105]
#PROBLEM: aim-50-2_0-no-1 & longest chain length: 12 & average chain length: 3.7647 & median chain length: 2 & varNum: 50 & clauseNum: 100 & chains: 17 & timeout: 40s 
#original chain with index 28: [11, 18, 21, 12, 15, 105, 107, 1, 101, 4, 7, 3] 
#trying: [101, 12, 15, 7, 107, 18, 21, 4, 105, 3, 1, 11]
0	Timeout 
#trying: [1, 18, 3, 7, 21, 107, 15, 11, 105, 101, 4, 12]
1	1       169855003
#trying: [4, 107, 15, 101, 7, 12, 21, 1, 11, 3, 105, 18]
2	Timeout 
#trying: [18, 7, 12, 4, 3, 101, 21, 1, 11, 105, 15, 107]
3	Timeout 
#trying: [105, 18, 15, 3, 4, 107, 12, 101, 11, 1, 7, 21]
4	Timeout 
#trying: [4, 12, 21, 15, 1, 11, 7, 18, 107, 105, 101, 3]
5	Timeout 
#trying: [18, 7, 105, 15, 12, 1, 3, 107, 21, 101, 4, 11]
6	Timeout 
#trying: [12, 101, 7, 107, 105, 4, 15, 3, 1, 21, 18, 11]
7	Timeout 
#trying: [15, 3, 7, 1, 107, 12, 4, 21, 11, 105, 101, 18]
8	Timeout 
#trying: [4, 11, 15, 21, 3, 7, 101, 1, 105, 12, 18, 107]
9	Timeout 
#trying: [21, 3, 105, 12, 7, 107, 15, 1, 11, 4, 18, 101]
10	Timeout 
#trying: [11, 4, 105, 21, 1, 107, 12, 15, 101, 18, 7, 3]
11	Timeout 
#trying: [4, 21, 105, 101, 1, 7, 3, 107, 18, 11, 15, 12]
12	Timeout 
#trying: [11, 1, 18, 101, 4, 7, 107, 3, 21, 105, 15, 12]
13	Timeout 
#trying: [11, 7, 15, 105, 12, 1, 21, 18, 4, 101, 3, 107]
14	1       2004092868
#trying: [12, 4, 105, 1, 11, 18, 107, 101, 7, 3, 21, 15]
15	Timeout 
#trying: [1, 21, 105, 11, 7, 101, 12, 107, 15, 3, 4, 18]
16	Timeout 
#trying: [7, 3, 12, 21, 11, 18, 105, 1, 101, 107, 4, 15]
17	1       225765770
#trying: [7, 4, 11, 15, 105, 12, 1, 107, 3, 21, 101, 18]
18	Timeout 
#trying: [1, 12, 3, 21, 15, 105, 7, 11, 107, 4, 101, 18]
19	1       244005996
#trying: [4, 7, 21, 3, 15, 12, 107, 1, 18, 101, 105, 11]
20	Timeout 
#trying: [101, 107, 15, 1, 105, 11, 7, 18, 4, 12, 21, 3]
21	1       1197473606
#trying: [107, 1, 18, 21, 7, 4, 12, 105, 15, 3, 101, 11]
22	Timeout 
#trying: [107, 1, 11, 4, 15, 101, 7, 18, 12, 3, 105, 21]
23	Timeout 
#trying: [107, 12, 3, 4, 101, 21, 105, 15, 18, 7, 11, 1]
24	Timeout 
#trying: [15, 105, 4, 11, 107, 18, 101, 21, 1, 7, 3, 12]
25	Timeout 
#trying: [11, 101, 4, 107, 12, 105, 3, 21, 7, 18, 1, 15]
26	Timeout 
#trying: [105, 18, 11, 12, 1, 107, 7, 15, 3, 21, 101, 4]
27	Timeout 
#trying: [1, 3, 105, 15, 7, 12, 101, 18, 21, 4, 11, 107]
28	1       8235416746
#trying: [21, 15, 105, 101, 1, 11, 7, 3, 4, 18, 107, 12]
29	Timeout 
#trying: [101, 15, 1, 18, 12, 107, 3, 4, 105, 11, 21, 7]
30	1       34788172449
#trying: [21, 105, 11, 3, 107, 101, 15, 1, 12, 4, 7, 18]
31	Timeout 
#trying: [4, 12, 15, 21, 1, 3, 105, 18, 7, 101, 107, 11]
32	Timeout 
#trying: [12, 15, 107, 1, 101, 7, 105, 21, 11, 18, 3, 4]
33	1       1194917462
#trying: [21, 105, 107, 12, 18, 101, 3, 7, 11, 1, 15, 4]
34	Timeout 
#trying: [12, 105, 4, 1, 101, 7, 3, 21, 107, 11, 18, 15]
35	Timeout 
#trying: [11, 15, 7, 21, 101, 18, 12, 105, 107, 4, 1, 3]
36	1       3192724866
#trying: [21, 105, 11, 4, 7, 1, 101, 15, 18, 12, 3, 107]
37	Timeout 
#trying: [4, 3, 21, 11, 107, 18, 105, 15, 1, 12, 101, 7]
38	Timeout 
#trying: [1, 3, 107, 18, 4, 21, 7, 12, 15, 11, 105, 101]
39	Timeout 
#trying: [21, 4, 3, 1, 7, 12, 15, 105, 107, 11, 101, 18]
40	Timeout 
#trying: [12, 105, 7, 11, 4, 101, 18, 3, 1, 15, 107, 21]
41	Timeout 
#trying: [101, 18, 4, 15, 21, 105, 12, 1, 107, 7, 3, 11]
42	Timeout 
#trying: [105, 1, 4, 101, 15, 11, 18, 7, 12, 3, 21, 107]
43	Timeout 
#trying: [15, 21, 4, 101, 105, 1, 7, 107, 3, 18, 12, 11]
44	Timeout 
#trying: [21, 4, 101, 11, 1, 107, 3, 15, 7, 12, 18, 105]
45	Timeout 
#trying: [11, 4, 12, 105, 107, 1, 7, 21, 15, 18, 3, 101]
46	Timeout 
#trying: [3, 4, 7, 18, 1, 12, 15, 105, 107, 101, 21, 11]
47	Timeout 
#trying: [107, 11, 15, 1, 105, 21, 3, 12, 4, 18, 101, 7]
48	1       190261941
#trying: [18, 15, 4, 11, 1, 107, 101, 3, 7, 12, 21, 105]
49	Timeout 
#trying: [18, 101, 4, 105, 12, 11, 15, 21, 107, 3, 7, 1]
50	Timeout 
#trying: [3, 101, 21, 11, 15, 18, 12, 107, 1, 7, 105, 4]
51	1       159862701
#trying: [15, 7, 18, 21, 1, 3, 107, 105, 11, 4, 101, 12]
52	1       218556696
#trying: [7, 3, 11, 4, 15, 18, 105, 12, 1, 107, 21, 101]
53	Timeout 
#trying: [21, 4, 12, 11, 15, 101, 107, 7, 3, 105, 1, 18]
54	Timeout 
#trying: [11, 4, 7, 12, 21, 15, 1, 3, 107, 18, 101, 105]
55	Timeout 
#trying: [4, 15, 11, 1, 105, 18, 7, 101, 12, 21, 107, 3]
56	Timeout 
#trying: [3, 18, 21, 7, 12, 11, 101, 4, 15, 107, 105, 1]
57	Timeout 
#trying: [7, 4, 101, 1, 18, 107, 11, 3, 105, 21, 15, 12]
58	Timeout 
#trying: [4, 18, 15, 21, 105, 11, 3, 1, 7, 12, 107, 101]
59	Timeout 
#trying: [11, 15, 3, 12, 4, 7, 101, 21, 107, 105, 18, 1]
60	Timeout 
#trying: [101, 3, 1, 15, 21, 107, 105, 12, 7, 4, 11, 18]
61	1       391090386
#trying: [21, 101, 7, 12, 107, 1, 105, 3, 15, 11, 18, 4]
62	Timeout 
#trying: [101, 3, 1, 7, 12, 21, 4, 18, 107, 15, 105, 11]
63	Timeout 
#trying: [7, 12, 11, 107, 21, 15, 18, 105, 101, 1, 3, 4]
64	1       393960837
#trying: [11, 12, 7, 21, 101, 107, 18, 15, 4, 1, 105, 3]
65	1       5183279256
#trying: [107, 105, 4, 21, 1, 12, 7, 18, 15, 101, 3, 11]
66	Timeout 
#trying: [7, 18, 107, 15, 12, 11, 1, 101, 21, 105, 4, 3]
67	1       210624592
#trying: [21, 105, 107, 4, 7, 12, 101, 3, 11, 1, 15, 18]
68	Timeout 
#trying: [12, 107, 21, 4, 1, 7, 15, 101, 11, 18, 105, 3]
69	Timeout 
#trying: [18, 4, 105, 11, 21, 15, 101, 1, 3, 107, 7, 12]
70	Timeout 
#trying: [107, 4, 11, 18, 101, 15, 3, 1, 12, 21, 7, 105]
71	Timeout 
#trying: [12, 21, 7, 101, 18, 4, 1, 3, 107, 105, 11, 15]
72	Timeout 
#trying: [7, 15, 1, 18, 3, 21, 11, 12, 105, 101, 4, 107]
73	1       209597310
#trying: [21, 101, 15, 4, 105, 1, 3, 18, 7, 12, 11, 107]
74	Timeout 
#trying: [105, 1, 4, 101, 21, 15, 7, 3, 11, 18, 12, 107]
75	Timeout 
#trying: [3, 101, 7, 11, 12, 15, 105, 4, 18, 107, 21, 1]
76	1       813192611
#trying: [1, 107, 21, 7, 101, 15, 11, 3, 105, 4, 18, 12]
77	1       205203396
#trying: [105, 101, 4, 21, 15, 107, 18, 12, 1, 11, 7, 3]
78	Timeout 
#trying: [11, 107, 101, 12, 3, 15, 1, 4, 21, 7, 105, 18]
79	1       224738684
#trying: [107, 11, 15, 12, 7, 101, 21, 105, 1, 18, 4, 3]
80	1       391321601
#trying: [101, 107, 105, 18, 11, 21, 4, 12, 1, 7, 15, 3]
81	Timeout 
#trying: [11, 7, 1, 18, 105, 12, 4, 107, 101, 15, 3, 21]
82	1       1602910962
#trying: [101, 18, 7, 4, 11, 15, 21, 105, 3, 1, 107, 12]
83	Timeout 
#trying: [15, 3, 105, 18, 7, 21, 12, 101, 11, 1, 107, 4]
84	Timeout 
#trying: [107, 3, 15, 18, 21, 105, 101, 7, 1, 4, 11, 12]
85	Timeout 
#trying: [1, 4, 12, 3, 15, 7, 18, 21, 107, 101, 11, 105]
86	Timeout 
#trying: [107, 21, 15, 7, 12, 18, 3, 11, 101, 4, 1, 105]
87	1       581132954
#trying: [1, 105, 12, 7, 11, 21, 4, 18, 107, 101, 3, 15]
88	Timeout 
#trying: [11, 107, 105, 12, 4, 1, 21, 101, 18, 3, 15, 7]
89	Timeout 
#trying: [3, 21, 101, 18, 11, 7, 107, 4, 12, 105, 15, 1]
90	Timeout 
#trying: [101, 7, 21, 3, 18, 15, 11, 105, 12, 4, 107, 1]
91	1       794588486
#trying: [107, 1, 7, 4, 105, 11, 15, 18, 3, 101, 21, 12]
92	Timeout 
#trying: [15, 21, 101, 105, 1, 4, 12, 3, 18, 7, 11, 107]
93	Timeout 
#trying: [11, 12, 105, 7, 15, 3, 4, 18, 101, 1, 21, 107]
94	Timeout 
#trying: [105, 107, 18, 12, 7, 3, 1, 21, 11, 15, 101, 4]
95	Timeout 
#trying: [12, 7, 3, 15, 105, 4, 101, 18, 107, 21, 11, 1]
96	Timeout 
#trying: [7, 3, 107, 15, 21, 105, 11, 101, 4, 1, 12, 18]
97	Timeout 
#trying: [101, 7, 18, 107, 21, 15, 11, 12, 4, 1, 3, 105]
98	1       10408796403
#trying: [4, 3, 105, 107, 101, 18, 1, 12, 15, 7, 11, 21]
99	Timeout 
#trying: [11, 3, 12, 1, 18, 21, 107, 105, 7, 4, 15, 101]
100	1       405815531
#trying: [7, 15, 21, 107, 11, 105, 1, 18, 3, 12, 101, 4]
101	1       5388645626
#trying: [18, 101, 7, 107, 4, 21, 105, 1, 12, 3, 11, 15]
102	Timeout 
#trying: [7, 18, 105, 107, 1, 11, 4, 15, 12, 101, 21, 3]
103	Timeout 
#trying: [105, 7, 12, 11, 18, 1, 101, 21, 107, 3, 15, 4]
104	Timeout 
#trying: [21, 3, 4, 18, 7, 15, 101, 1, 12, 105, 107, 11]
105	Timeout 
#trying: [3, 107, 101, 18, 105, 11, 7, 12, 4, 21, 1, 15]
106	Timeout 
#trying: [18, 7, 107, 11, 3, 21, 1, 101, 105, 12, 4, 15]
107	1       603935724
#trying: [21, 7, 15, 3, 1, 105, 107, 4, 11, 12, 101, 18]
108	1       1213797739
#trying: [11, 4, 1, 101, 107, 7, 105, 12, 15, 18, 3, 21]
109	Timeout 
#trying: [18, 101, 12, 11, 7, 1, 4, 21, 3, 105, 107, 15]
110	Timeout 
#trying: [15, 105, 107, 101, 11, 4, 1, 7, 18, 3, 21, 12]
111	Timeout 
#trying: [101, 18, 107, 21, 105, 4, 15, 7, 11, 1, 3, 12]
112	Timeout 
#trying: [11, 12, 1, 15, 18, 3, 101, 4, 21, 107, 7, 105]
113	1       804807496
#trying: [101, 11, 12, 107, 3, 4, 105, 21, 15, 1, 7, 18]
114	Timeout 
#trying: [21, 18, 101, 105, 107, 11, 15, 3, 7, 4, 12, 1]
115	Timeout 
#trying: [1, 18, 101, 4, 3, 11, 7, 15, 105, 12, 21, 107]
116	Timeout 
#trying: [101, 107, 11, 15, 4, 1, 105, 12, 18, 21, 3, 7]
117	Timeout 
#trying: [101, 4, 3, 11, 18, 107, 15, 105, 12, 7, 21, 1]
118	Timeout 
#trying: [7, 1, 3, 18, 101, 21, 107, 11, 15, 4, 12, 105]
119	1       794157978
#trying: [107, 101, 21, 18, 3, 7, 1, 11, 105, 15, 12, 4]
120	1       604863359
#trying: [21, 4, 107, 101, 18, 7, 12, 3, 105, 11, 1, 15]
121	Timeout 
#trying: [105, 7, 12, 4, 3, 101, 21, 15, 18, 11, 1, 107]
122	Timeout 
#trying: [11, 107, 12, 105, 4, 101, 1, 7, 3, 18, 15, 21]
123	Timeout 
#trying: [105, 107, 12, 11, 101, 4, 3, 18, 15, 1, 7, 21]
124	Timeout 
#trying: [7, 12, 107, 15, 18, 4, 21, 1, 11, 101, 3, 105]
125	Timeout 
#trying: [11, 21, 105, 1, 4, 107, 15, 7, 101, 18, 12, 3]
126	Timeout 
#trying: [1, 21, 11, 12, 101, 7, 3, 18, 105, 107, 4, 15]
127	1       404192669
#trying: [1, 7, 12, 3, 4, 18, 11, 101, 21, 15, 107, 105]
128	Timeout 
#trying: [11, 12, 101, 15, 3, 7, 18, 107, 21, 1, 4, 105]
129	1       602363860
#trying: [105, 21, 12, 101, 1, 7, 15, 107, 4, 18, 11, 3]
130	Timeout 
#trying: [7, 12, 107, 105, 101, 1, 15, 11, 4, 3, 21, 18]
131	Timeout 
#trying: [107, 3, 15, 101, 1, 12, 21, 18, 105, 7, 11, 4]
132	1       789620419
#trying: [105, 11, 3, 15, 1, 7, 12, 21, 18, 101, 107, 4]
133	Timeout 
#trying: [12, 101, 3, 105, 18, 4, 1, 21, 7, 107, 11, 15]
134	Timeout 
#trying: [21, 18, 105, 11, 101, 4, 107, 1, 15, 12, 3, 7]
135	Timeout 
#trying: [18, 7, 107, 101, 15, 12, 21, 1, 3, 105, 11, 4]
136	1       585929945
#trying: [1, 11, 3, 105, 107, 15, 18, 21, 7, 101, 12, 4]
137	1       791796986
#trying: [18, 12, 1, 11, 21, 4, 7, 105, 101, 3, 107, 15]
138	Timeout 
#trying: [4, 15, 107, 21, 7, 12, 3, 105, 1, 18, 101, 11]
139	Timeout 
#trying: [4, 11, 21, 107, 1, 18, 101, 7, 105, 15, 12, 3]
140	Timeout 
#trying: [3, 18, 21, 4, 101, 11, 105, 107, 15, 7, 12, 1]
141	Timeout 
#trying: [105, 11, 21, 18, 107, 4, 15, 7, 12, 101, 1, 3]
142	Timeout 
#trying: [7, 101, 18, 107, 4, 21, 11, 3, 12, 15, 1, 105]
143	Timeout 
#trying: [101, 107, 11, 105, 12, 7, 1, 18, 15, 21, 3, 4]
144	Timeout 
#trying: [21, 7, 101, 11, 1, 4, 12, 3, 107, 18, 15, 105]
145	Timeout 
#trying: [1, 4, 12, 107, 3, 21, 7, 105, 15, 101, 11, 18]
146	Timeout 
#trying: [7, 3, 101, 18, 4, 21, 1, 105, 15, 107, 11, 12]
147	Timeout 
#trying: [101, 105, 4, 7, 11, 21, 12, 18, 3, 15, 1, 107]
148	Timeout 
#trying: [4, 3, 15, 11, 101, 105, 1, 12, 7, 107, 21, 18]
149	Timeout 
#trying: [12, 7, 1, 18, 107, 3, 4, 21, 11, 101, 105, 15]
150	Timeout 
#trying: [7, 105, 3, 15, 18, 1, 4, 101, 21, 12, 11, 107]
151	Timeout 
#trying: [105, 3, 4, 21, 1, 15, 18, 107, 7, 101, 11, 12]
152	Timeout 
#trying: [21, 18, 3, 11, 105, 12, 1, 15, 107, 7, 4, 101]
153	Timeout 
#trying: [101, 7, 21, 107, 18, 105, 15, 3, 12, 1, 4, 11]
154	Timeout 
#trying: [105, 21, 107, 3, 101, 11, 12, 18, 7, 15, 4, 1]
155	Timeout 
#trying: [12, 7, 105, 1, 15, 11, 101, 21, 3, 107, 4, 18]
156	Timeout 
#trying: [15, 105, 101, 3, 11, 12, 21, 107, 18, 7, 1, 4]
157	Timeout 
#trying: [105, 15, 101, 3, 4, 11, 1, 12, 107, 18, 7, 21]
158	Timeout 
#trying: [18, 12, 1, 101, 107, 21, 4, 105, 11, 3, 15, 7]
159	Timeout 
#trying: [18, 7, 1, 101, 15, 3, 11, 21, 107, 12, 4, 105]
160	1       402080995
#trying: [12, 7, 105, 107, 3, 11, 101, 15, 4, 18, 1, 21]
161	Timeout 
#trying: [7, 11, 3, 1, 18, 15, 4, 107, 101, 105, 21, 12]
162	1       6404147787
#trying: [1, 101, 107, 15, 21, 12, 11, 4, 18, 7, 3, 105]
163	1       407791823
#trying: [105, 3, 15, 7, 21, 1, 101, 11, 107, 12, 18, 4]
164	Timeout 
#trying: [107, 18, 11, 101, 4, 21, 12, 3, 7, 105, 1, 15]
165	Timeout 
#trying: [21, 107, 12, 18, 101, 1, 7, 3, 11, 105, 4, 15]
166	1       594727119
#trying: [1, 107, 12, 15, 7, 21, 105, 11, 18, 3, 4, 101]
167	1       4013532718
#trying: [105, 21, 101, 11, 7, 12, 15, 107, 3, 4, 1, 18]
168	Timeout 
#trying: [15, 1, 4, 12, 101, 21, 107, 7, 18, 105, 11, 3]
169	Timeout 
#trying: [3, 105, 4, 7, 21, 107, 11, 18, 12, 101, 15, 1]
170	Timeout 
#trying: [105, 11, 15, 21, 101, 1, 18, 3, 107, 12, 4, 7]
171	Timeout 
#trying: [101, 3, 18, 11, 7, 105, 12, 21, 4, 15, 1, 107]
172	Timeout 
#trying: [7, 11, 15, 18, 4, 1, 105, 107, 21, 12, 101, 3]
173	Timeout 
#trying: [105, 4, 7, 15, 3, 107, 12, 101, 11, 1, 18, 21]
174	Timeout 
#trying: [107, 7, 11, 18, 4, 105, 3, 101, 21, 15, 12, 1]
175	Timeout 
#trying: [4, 11, 7, 1, 12, 101, 3, 15, 107, 105, 21, 18]
176	Timeout 
#trying: [11, 4, 18, 21, 105, 1, 3, 12, 101, 7, 107, 15]
177	Timeout 
#trying: [101, 107, 3, 4, 1, 18, 105, 7, 12, 11, 15, 21]
178	Timeout 
#trying: [1, 3, 105, 107, 15, 21, 4, 12, 101, 18, 11, 7]
179	1       35594773803
#trying: [7, 107, 3, 11, 12, 101, 105, 18, 21, 15, 1, 4]
180	1       12806696267
#trying: [4, 11, 101, 7, 21, 15, 12, 3, 107, 105, 18, 1]
181	Timeout 
#trying: [11, 3, 107, 105, 4, 101, 7, 1, 21, 18, 15, 12]
182	Timeout 
#trying: [4, 18, 7, 11, 12, 105, 21, 101, 107, 3, 1, 15]
183	Timeout 
#trying: [3, 7, 107, 18, 101, 12, 15, 1, 21, 105, 4, 11]
184	1       409005065
#trying: [18, 101, 105, 12, 1, 4, 21, 15, 3, 11, 7, 107]
185	Timeout 
#trying: [11, 101, 7, 4, 3, 21, 18, 105, 1, 12, 107, 15]
186	Timeout 
#trying: [12, 107, 18, 105, 101, 11, 7, 4, 15, 1, 21, 3]
187	Timeout 
#trying: [101, 1, 107, 15, 12, 18, 105, 7, 4, 3, 21, 11]
188	1       4411952685
#trying: [1, 15, 3, 4, 101, 12, 7, 21, 105, 107, 11, 18]
189	Timeout 
#trying: [101, 107, 105, 11, 21, 7, 12, 4, 1, 18, 3, 15]
190	Timeout 
#trying: [4, 107, 1, 11, 105, 7, 15, 21, 3, 101, 12, 18]
191	Timeout 
#trying: [107, 18, 4, 11, 15, 7, 105, 21, 3, 101, 12, 1]
192	Timeout 
#trying: [3, 11, 18, 107, 15, 1, 12, 21, 105, 4, 101, 7]
193	1       404847936
#trying: [1, 7, 12, 21, 3, 18, 11, 101, 105, 107, 4, 15]
194	1       397977763
#trying: [11, 107, 101, 7, 105, 21, 3, 15, 12, 1, 18, 4]
195	Timeout 
#trying: [3, 105, 11, 12, 21, 107, 101, 18, 7, 15, 1, 4]
196	Timeout 
#trying: [101, 7, 11, 1, 21, 15, 12, 107, 105, 3, 18, 4]
197	1       600121964
#trying: [18, 11, 101, 12, 105, 15, 1, 21, 7, 3, 4, 107]
198	Timeout 
#trying: [4, 3, 12, 18, 15, 107, 7, 105, 21, 101, 11, 1]
199	Timeout 
#trying: [3, 18, 7, 4, 105, 11, 15, 12, 1, 107, 101, 21]
200	Timeout 
#trying: [18, 7, 107, 15, 105, 4, 3, 21, 101, 1, 11, 12]
201	Timeout 
#trying: [12, 1, 3, 107, 4, 101, 15, 105, 21, 18, 11, 7]
202	Timeout 
#trying: [11, 7, 101, 1, 4, 15, 21, 105, 12, 18, 3, 107]
203	Timeout 
#trying: [7, 105, 18, 4, 1, 101, 11, 21, 3, 12, 15, 107]
204	Timeout 
#trying: [11, 7, 3, 21, 105, 107, 4, 15, 101, 12, 1, 18]
205	Timeout 
#trying: [12, 18, 11, 107, 21, 101, 3, 105, 1, 7, 4, 15]
206	1       1194652748
#trying: [15, 21, 107, 4, 12, 7, 101, 11, 3, 18, 1, 105]
207	Timeout 
#trying: [1, 101, 11, 107, 18, 15, 21, 105, 4, 3, 12, 7]
208	1       604399779
#trying: [7, 107, 105, 11, 4, 21, 3, 12, 15, 101, 1, 18]
209	Timeout 
#trying: [107, 11, 105, 1, 3, 15, 12, 7, 21, 101, 18, 4]
210	Timeout 
#trying: [7, 4, 101, 3, 18, 12, 15, 105, 21, 107, 11, 1]
211	Timeout 
#trying: [11, 3, 1, 18, 7, 12, 105, 21, 101, 15, 107, 4]
212	1       604015683
#trying: [15, 18, 21, 7, 11, 4, 107, 12, 3, 105, 101, 1]
213	Timeout 
#trying: [12, 4, 101, 7, 105, 3, 18, 15, 107, 21, 1, 11]
214	Timeout 
#trying: [21, 15, 18, 11, 101, 4, 1, 3, 12, 105, 7, 107]
215	Timeout 
#trying: [101, 12, 105, 1, 7, 21, 11, 4, 18, 107, 15, 3]
216	Timeout 
#trying: [7, 15, 1, 3, 11, 21, 105, 107, 12, 18, 4, 101]
217	1       599053709
#trying: [1, 101, 3, 105, 7, 4, 21, 11, 15, 107, 12, 18]
218	Timeout 
#trying: [3, 11, 107, 15, 1, 18, 7, 105, 4, 12, 21, 101]
219	1       602185792
#trying: [105, 7, 15, 4, 101, 107, 12, 3, 11, 18, 21, 1]
220	Timeout 
#trying: [101, 12, 105, 11, 107, 4, 3, 7, 1, 15, 21, 18]
221	Timeout 
#trying: [105, 1, 18, 4, 101, 12, 7, 21, 11, 107, 3, 15]
222	Timeout 
#trying: [18, 107, 105, 12, 21, 7, 11, 4, 101, 15, 1, 3]
223	Timeout 
#trying: [18, 11, 7, 15, 107, 105, 21, 1, 101, 3, 12, 4]
224	1       6993013023
#trying: [7, 18, 1, 105, 101, 107, 15, 3, 4, 21, 11, 12]
225	Timeout 
#trying: [15, 3, 12, 11, 1, 107, 101, 105, 18, 7, 21, 4]
226	1       594842930
#trying: [12, 105, 1, 107, 4, 21, 15, 18, 101, 11, 3, 7]
227	Timeout 
#trying: [3, 101, 15, 1, 107, 7, 11, 21, 4, 18, 12, 105]
228	1       798021189
#trying: [3, 1, 101, 11, 15, 12, 107, 18, 7, 105, 4, 21]
229	1       601958413
#trying: [101, 15, 12, 107, 1, 3, 21, 4, 7, 105, 18, 11]
230	Timeout 
#trying: [101, 12, 7, 3, 18, 107, 4, 15, 11, 105, 21, 1]
231	Timeout 
#trying: [105, 7, 18, 21, 15, 4, 101, 3, 107, 1, 11, 12]
232	Timeout 
#trying: [18, 3, 12, 7, 105, 4, 101, 11, 1, 21, 107, 15]
233	Timeout 
#trying: [105, 18, 4, 107, 11, 12, 101, 1, 15, 3, 7, 21]
234	Timeout 
#trying: [101, 105, 1, 7, 11, 3, 12, 107, 4, 15, 18, 21]
235	Timeout 
#trying: [105, 101, 18, 4, 7, 3, 11, 1, 12, 107, 15, 21]
236	Timeout 
#trying: [3, 1, 7, 12, 21, 4, 105, 107, 101, 11, 15, 18]
237	Timeout 
#trying: [7, 1, 11, 18, 105, 15, 12, 101, 3, 21, 107, 4]
238	1       2601211258
#trying: [107, 11, 1, 3, 4, 7, 21, 18, 15, 105, 101, 12]
239	Timeout 
#trying: [12, 1, 107, 21, 7, 105, 4, 101, 11, 3, 18, 15]
240	Timeout 
#trying: [107, 11, 21, 4, 12, 15, 1, 3, 7, 18, 101, 105]
241	Timeout 
#trying: [12, 1, 15, 4, 105, 7, 21, 3, 107, 11, 101, 18]
242	Timeout 
#trying: [21, 15, 101, 4, 18, 12, 105, 3, 11, 1, 107, 7]
243	Timeout 
#trying: [107, 11, 101, 12, 7, 4, 18, 1, 105, 15, 3, 21]
244	Timeout 
#trying: [11, 105, 4, 15, 12, 101, 3, 21, 18, 1, 107, 7]
245	Timeout 
#trying: [105, 7, 18, 1, 101, 3, 15, 11, 12, 4, 21, 107]
246	Timeout 
#trying: [12, 18, 21, 15, 11, 7, 1, 105, 101, 4, 3, 107]
247	1       589097888
#trying: [21, 105, 12, 7, 3, 11, 107, 4, 1, 101, 15, 18]
248	Timeout 
#trying: [4, 21, 11, 1, 101, 12, 18, 7, 3, 15, 105, 107]
249	Timeout 
#trying: [21, 11, 101, 7, 3, 1, 105, 18, 15, 107, 12, 4]
250	1       599852142
#trying: [101, 7, 1, 107, 3, 105, 18, 4, 21, 12, 15, 11]
251	Timeout 
#trying: [11, 7, 105, 18, 3, 4, 15, 21, 107, 1, 101, 12]
252	Timeout 
#trying: [105, 15, 11, 4, 21, 101, 107, 7, 12, 1, 3, 18]
253	Timeout 
#trying: [4, 21, 3, 7, 105, 11, 15, 18, 101, 12, 107, 1]
254	Timeout 
#trying: [107, 4, 7, 105, 21, 3, 1, 15, 18, 11, 101, 12]
255	Timeout 
#trying: [12, 7, 1, 101, 105, 107, 4, 18, 15, 3, 11, 21]
256	Timeout 
#trying: [18, 101, 107, 21, 11, 1, 3, 12, 7, 15, 105, 4]
257	1       589801767
#trying: [3, 11, 15, 101, 107, 12, 4, 18, 105, 1, 7, 21]
258	1       3606400711
#trying: [4, 107, 101, 21, 1, 15, 7, 18, 12, 3, 11, 105]
259	Timeout 
#trying: [21, 107, 3, 101, 12, 18, 7, 15, 11, 1, 105, 4]
260	1       413478775
#trying: [4, 11, 12, 7, 21, 105, 107, 101, 18, 15, 3, 1]
261	Timeout 
#trying: [105, 1, 3, 18, 21, 7, 12, 4, 11, 15, 101, 107]
262	Timeout 
#trying: [15, 107, 101, 21, 11, 3, 18, 1, 4, 105, 12, 7]
263	1       992919252
#trying: [18, 11, 3, 107, 12, 105, 4, 15, 21, 7, 101, 1]
264	Timeout 
#trying: [1, 4, 12, 15, 105, 107, 18, 11, 101, 21, 7, 3]
265	Timeout 
#trying: [101, 105, 7, 107, 21, 15, 4, 18, 11, 1, 12, 3]
266	Timeout 
#trying: [15, 21, 101, 3, 1, 4, 12, 7, 105, 11, 18, 107]
267	Timeout 
#trying: [12, 21, 1, 101, 107, 4, 105, 11, 18, 7, 3, 15]
268	Timeout 
#trying: [7, 11, 101, 107, 105, 18, 3, 1, 21, 12, 15, 4]
269	Timeout 
#trying: [1, 101, 105, 12, 4, 11, 3, 107, 15, 18, 21, 7]
270	Timeout 
#trying: [12, 3, 21, 105, 101, 18, 11, 15, 107, 7, 1, 4]
271	Timeout 
#trying: [18, 12, 101, 3, 105, 107, 15, 11, 4, 7, 1, 21]
272	Timeout 
#trying: [4, 18, 1, 105, 101, 107, 7, 12, 15, 3, 11, 21]
273	Timeout 
#trying: [1, 7, 12, 11, 18, 101, 4, 105, 15, 3, 107, 21]
274	Timeout 
#trying: [107, 105, 4, 11, 12, 7, 21, 18, 101, 3, 1, 15]
275	Timeout 
#trying: [105, 7, 3, 11, 12, 4, 1, 101, 18, 107, 21, 15]
276	Timeout 
#trying: [12, 7, 4, 15, 3, 105, 101, 107, 18, 1, 21, 11]
277	Timeout 
#trying: [3, 21, 107, 4, 12, 15, 11, 1, 18, 7, 105, 101]
278	Timeout 
#trying: [12, 21, 1, 107, 15, 18, 11, 101, 3, 7, 105, 4]
279	1       412153148
#trying: [11, 12, 18, 15, 105, 107, 3, 7, 21, 101, 1, 4]
280	1       3993676385
#trying: [101, 11, 1, 15, 18, 107, 7, 21, 4, 105, 12, 3]
281	Timeout 
#trying: [1, 12, 101, 11, 7, 18, 21, 4, 15, 3, 105, 107]
282	Timeout 
#trying: [3, 105, 15, 107, 11, 4, 101, 21, 18, 12, 7, 1]
283	Timeout 
#trying: [3, 18, 1, 101, 21, 4, 11, 107, 12, 15, 7, 105]
284	Timeout 
#trying: [107, 11, 18, 7, 4, 1, 105, 21, 15, 101, 12, 3]
285	Timeout 
#trying: [11, 107, 1, 4, 105, 12, 18, 21, 101, 15, 3, 7]
286	Timeout 
#trying: [101, 21, 105, 107, 12, 11, 15, 4, 18, 1, 7, 3]
287	Timeout 
#trying: [21, 3, 15, 18, 1, 101, 105, 4, 11, 107, 12, 7]
288	1       608202388
#trying: [101, 15, 105, 107, 3, 1, 18, 7, 12, 4, 21, 11]
289	Timeout 
#trying: [3, 18, 7, 101, 107, 4, 12, 11, 1, 15, 21, 105]
290	Timeout 
#trying: [105, 7, 101, 1, 21, 11, 15, 18, 4, 12, 107, 3]
291	Timeout 
#trying: [107, 101, 1, 12, 105, 11, 4, 15, 7, 21, 3, 18]
292	Timeout 
#trying: [11, 3, 105, 18, 12, 7, 21, 107, 4, 15, 101, 1]
293	Timeout 
#trying: [3, 11, 12, 1, 107, 7, 18, 4, 105, 21, 101, 15]
294	Timeout 
#trying: [4, 18, 12, 107, 3, 15, 1, 21, 11, 101, 105, 7]
295	Timeout 
#trying: [18, 7, 15, 1, 3, 12, 105, 4, 21, 107, 11, 101]
296	1       560407963
#trying: [4, 107, 18, 11, 7, 15, 21, 101, 3, 1, 105, 12]
297	Timeout 
#trying: [1, 18, 21, 4, 12, 11, 15, 3, 7, 105, 101, 107]
298	Timeout 
#trying: [18, 21, 3, 101, 105, 1, 4, 12, 107, 15, 7, 11]
299	Timeout 
#trying: [101, 3, 7, 107, 1, 12, 105, 18, 4, 11, 21, 15]
300	1       9349572444
#trying: [3, 18, 101, 21, 107, 15, 105, 4, 12, 11, 7, 1]
301	Timeout 
#trying: [7, 4, 21, 3, 11, 107, 105, 12, 18, 101, 15, 1]
302	Timeout 
#trying: [21, 105, 11, 18, 15, 12, 1, 7, 4, 107, 101, 3]
303	Timeout 
#trying: [4, 3, 7, 18, 105, 107, 1, 11, 21, 101, 15, 12]
304	Timeout 
#trying: [7, 15, 101, 107, 4, 1, 18, 11, 21, 12, 105, 3]
305	Timeout 
#trying: [7, 4, 105, 11, 107, 1, 18, 12, 101, 3, 21, 15]
306	Timeout 
#trying: [101, 12, 7, 18, 11, 107, 3, 1, 21, 4, 15, 105]
307	1       168525421
#trying: [1, 11, 12, 15, 107, 3, 21, 4, 105, 101, 18, 7]
308	1       164766132
#trying: [107, 18, 4, 12, 105, 15, 7, 21, 11, 1, 3, 101]
309	Timeout 
#trying: [105, 11, 12, 107, 7, 1, 4, 21, 15, 3, 101, 18]
310	Timeout 
#trying: [3, 21, 12, 107, 15, 101, 18, 11, 7, 1, 105, 4]
311	1       169319890
#trying: [4, 18, 1, 3, 107, 15, 101, 21, 12, 105, 11, 7]
312	Timeout 
#trying: [105, 21, 3, 18, 107, 7, 1, 4, 15, 11, 101, 12]
313	Timeout 
#trying: [105, 1, 15, 107, 12, 3, 11, 21, 18, 101, 7, 4]
314	Timeout 
#trying: [1, 107, 4, 12, 7, 101, 3, 11, 18, 21, 105, 15]
315	Timeout 
#trying: [12, 21, 107, 3, 1, 7, 101, 15, 18, 4, 105, 11]
316	1       17616821832
#trying: [11, 3, 12, 18, 107, 4, 15, 7, 105, 21, 101, 1]
317	Timeout 
#trying: [21, 3, 4, 105, 101, 107, 15, 18, 7, 1, 12, 11]
318	Timeout 
#trying: [3, 1, 105, 12, 4, 15, 101, 107, 11, 18, 21, 7]
319	1       38598231885
#trying: [107, 21, 15, 1, 11, 12, 7, 105, 3, 4, 101, 18]
320	1       167237956
#trying: [18, 4, 3, 11, 21, 12, 101, 107, 15, 1, 7, 105]
321	Timeout 
#trying: [105, 3, 18, 7, 21, 101, 15, 12, 107, 11, 1, 4]
322	Timeout 
#trying: [7, 3, 21, 11, 18, 101, 105, 107, 15, 4, 12, 1]
323	1       19206636409
#trying: [12, 7, 107, 3, 15, 4, 18, 21, 105, 11, 1, 101]
324	Timeout 
#trying: [1, 15, 4, 12, 7, 105, 18, 21, 3, 101, 11, 107]
325	Timeout 
#trying: [1, 12, 15, 3, 105, 101, 11, 21, 18, 7, 4, 107]
326	1       232475284
#trying: [12, 4, 101, 18, 105, 7, 3, 21, 11, 15, 107, 1]
327	Timeout 
#trying: [18, 101, 21, 1, 105, 12, 4, 107, 3, 7, 15, 11]
328	Timeout 
#trying: [101, 4, 107, 11, 18, 3, 12, 7, 105, 15, 21, 1]
329	Timeout 
#trying: [3, 105, 7, 12, 11, 4, 107, 15, 18, 1, 21, 101]
330	Timeout 
#trying: [21, 3, 105, 15, 11, 107, 1, 12, 101, 7, 4, 18]
331	Timeout 
#trying: [21, 101, 4, 12, 3, 1, 11, 107, 105, 7, 15, 18]
332	Timeout 
#trying: [21, 1, 105, 11, 7, 107, 101, 15, 18, 12, 4, 3]
333	Timeout 
#trying: [15, 101, 18, 107, 7, 4, 105, 3, 1, 21, 11, 12]
334	Timeout 
#trying: [3, 7, 15, 18, 1, 12, 4, 101, 107, 105, 21, 11]
335	Timeout 
#trying: [12, 7, 18, 107, 101, 11, 105, 15, 21, 4, 1, 3]
336	Timeout 
#trying: [3, 18, 101, 21, 15, 12, 4, 107, 1, 105, 11, 7]
337	Timeout 
#trying: [15, 105, 21, 12, 3, 4, 11, 1, 18, 7, 101, 107]
338	Timeout 
#trying: [11, 12, 107, 15, 105, 3, 101, 1, 7, 4, 18, 21]
339	1       1208961896
#trying: [11, 12, 18, 3, 15, 4, 101, 105, 107, 7, 1, 21]
340	1       16178658791
#trying: [11, 105, 3, 15, 21, 101, 18, 12, 107, 4, 7, 1]
341	Timeout 
#trying: [105, 7, 4, 12, 21, 15, 18, 101, 1, 3, 107, 11]
342	Timeout 
#trying: [1, 11, 12, 101, 107, 21, 105, 15, 7, 4, 18, 3]
343	1       45693897
#trying: [11, 1, 3, 15, 12, 107, 105, 101, 21, 4, 7, 18]
344	1       45149637
#trying: [21, 107, 12, 101, 105, 18, 1, 3, 7, 15, 4, 11]
345	Timeout 
#trying: [12, 107, 7, 15, 11, 3, 18, 4, 1, 101, 21, 105]
346	1       18160996637
#trying: [3, 15, 18, 4, 107, 7, 105, 101, 21, 1, 12, 11]
347	Timeout 
#trying: [21, 4, 15, 1, 101, 18, 3, 7, 105, 107, 12, 11]
348	Timeout 
#trying: [21, 12, 107, 101, 1, 15, 11, 18, 105, 7, 3, 4]
349	1       43950067
#trying: [105, 7, 18, 4, 15, 1, 12, 11, 21, 107, 3, 101]
350	Timeout 
#trying: [7, 4, 1, 11, 18, 15, 12, 101, 105, 21, 3, 107]
351	Timeout 
#trying: [101, 105, 11, 21, 12, 15, 18, 7, 1, 4, 3, 107]
352	Timeout 
#trying: [4, 18, 11, 101, 107, 1, 21, 7, 12, 15, 3, 105]
353	Timeout 
#trying: [1, 105, 18, 12, 21, 3, 7, 15, 101, 107, 4, 11]
354	Timeout 
#trying: [105, 101, 12, 15, 18, 4, 21, 1, 7, 107, 11, 3]
355	Timeout 
#trying: [107, 105, 7, 1, 21, 15, 3, 101, 4, 18, 11, 12]
356	Timeout 
#trying: [107, 7, 11, 3, 15, 12, 101, 1, 21, 4, 105, 18]
357	1       51841469
#trying: [15, 1, 11, 105, 21, 3, 12, 4, 107, 101, 18, 7]
358	1       61825847
#trying: [105, 7, 1, 4, 11, 21, 107, 12, 101, 3, 15, 18]
359	Timeout 
#trying: [1, 21, 7, 15, 107, 105, 3, 101, 4, 18, 12, 11]
360	1       1609631642
#trying: [105, 3, 21, 107, 12, 15, 11, 4, 7, 1, 101, 18]
361	Timeout 
#trying: [4, 18, 21, 12, 15, 3, 11, 107, 105, 7, 1, 101]
362	Timeout 
#trying: [105, 1, 18, 101, 107, 3, 11, 12, 15, 7, 21, 4]
363	Timeout 
#trying: [18, 4, 1, 3, 11, 21, 12, 15, 107, 7, 101, 105]
364	Timeout 
#trying: [21, 7, 12, 3, 105, 11, 1, 18, 15, 4, 101, 107]
365	Timeout 
#trying: [105, 1, 15, 11, 18, 4, 3, 101, 7, 12, 107, 21]
366	Timeout 
#trying: [12, 18, 1, 21, 107, 11, 3, 15, 4, 101, 7, 105]
367	1       160277936
#trying: [12, 15, 11, 3, 21, 4, 7, 1, 101, 18, 107, 105]
368	1       794446490
#trying: [7, 15, 11, 12, 107, 21, 18, 101, 3, 105, 4, 1]
369	1       174581637
#trying: [101, 107, 3, 11, 21, 18, 12, 4, 15, 1, 7, 105]
370	Timeout 
#trying: [107, 4, 101, 15, 12, 7, 1, 21, 18, 11, 3, 105]
371	Timeout 
#trying: [12, 4, 3, 1, 105, 107, 101, 11, 21, 15, 18, 7]
372	Timeout 
#trying: [101, 4, 3, 12, 21, 105, 11, 107, 1, 7, 15, 18]
373	Timeout 
#trying: [18, 107, 105, 4, 21, 11, 1, 3, 7, 12, 101, 15]
374	Timeout 
#trying: [15, 7, 21, 11, 12, 105, 1, 4, 101, 18, 3, 107]
375	1       212664387
#trying: [101, 1, 21, 105, 15, 11, 18, 12, 3, 107, 4, 7]
376	Timeout 
#trying: [107, 18, 15, 101, 12, 11, 21, 105, 7, 1, 4, 3]
377	1       187705237
#trying: [12, 18, 101, 3, 105, 11, 21, 1, 7, 4, 107, 15]
378	Timeout 
#trying: [18, 7, 1, 101, 107, 11, 12, 3, 15, 105, 21, 4]
379	1       186818756
#trying: [107, 12, 7, 15, 4, 3, 11, 101, 1, 21, 18, 105]
380	Timeout 
#trying: [1, 101, 12, 11, 18, 107, 7, 3, 4, 105, 21, 15]
381	Timeout 
#trying: [1, 3, 18, 7, 101, 15, 4, 12, 21, 107, 11, 105]
382	1       17198335701
#trying: [15, 101, 105, 7, 18, 11, 107, 1, 21, 3, 4, 12]
383	Timeout 
#trying: [105, 101, 4, 12, 7, 21, 11, 18, 15, 3, 1, 107]
384	Timeout 
#trying: [12, 21, 1, 101, 15, 107, 11, 7, 105, 3, 18, 4]
385	1       156873793
#trying: [15, 21, 11, 101, 18, 12, 3, 107, 7, 4, 1, 105]
386	1       170292572
#trying: [3, 21, 4, 1, 7, 11, 18, 101, 12, 107, 105, 15]
387	Timeout 
#trying: [1, 12, 3, 11, 107, 101, 21, 105, 15, 18, 7, 4]
388	1       172595668
#trying: [3, 7, 101, 107, 21, 105, 12, 15, 18, 11, 1, 4]
389	Timeout 
#trying: [7, 15, 1, 4, 18, 21, 101, 107, 12, 105, 11, 3]
390	Timeout 
#trying: [101, 3, 107, 1, 105, 12, 7, 21, 4, 11, 18, 15]
391	1       9353605374
#trying: [21, 18, 7, 3, 101, 105, 4, 12, 107, 11, 15, 1]
392	Timeout 
#trying: [4, 11, 105, 101, 107, 21, 7, 3, 12, 15, 18, 1]
393	Timeout 
#trying: [18, 15, 1, 101, 12, 107, 11, 105, 3, 7, 4, 21]
394	1       47167178
#trying: [4, 21, 15, 12, 107, 105, 1, 11, 101, 18, 7, 3]
395	Timeout 
#trying: [12, 11, 21, 15, 107, 18, 7, 4, 1, 105, 3, 101]
396	1       3575584598
#trying: [3, 107, 11, 15, 105, 4, 7, 12, 18, 1, 101, 21]
397	Timeout 
#trying: [7, 12, 107, 11, 18, 105, 4, 101, 21, 3, 1, 15]
398	Timeout 
#trying: [107, 101, 7, 11, 21, 15, 1, 105, 3, 4, 18, 12]
399	1       188695598
#trying: [1, 107, 105, 12, 18, 21, 101, 4, 7, 15, 11, 3]
400	Timeout 
#trying: [1, 7, 18, 21, 3, 105, 11, 4, 15, 101, 107, 12]
401	1       11243228939
#trying: [15, 4, 1, 21, 7, 3, 101, 11, 107, 12, 105, 18]
402	Timeout 
#trying: [4, 3, 101, 11, 107, 15, 105, 1, 12, 18, 21, 7]
403	Timeout 
#trying: [18, 15, 11, 4, 7, 107, 12, 3, 21, 1, 101, 105]
404	Timeout 
#trying: [21, 7, 12, 3, 11, 15, 101, 18, 105, 107, 1, 4]
405	1       180072173
#trying: [107, 12, 11, 15, 101, 3, 7, 1, 4, 21, 105, 18]
406	1       178505153
#trying: [4, 107, 101, 1, 105, 21, 18, 15, 12, 11, 3, 7]
407	