#PROBLEM: aim-50-1_6-no-3 & longest chain length: 6 & average chain length: 2.6667 & median chain length: 2 & varNum: 50 & clauseNum: 80 & chains: 27 & timeout: 40s 
#original chain with index 41: [8, 87, 11, 90, 12, 89] 
#trying: [12, 11, 90, 8, 87, 89]
0	1       178744174
#trying: [11, 87, 90, 8, 89, 12]
1	1       182770316
#trying: [12, 90, 11, 89, 87, 8]
2	1       170924054
#trying: [89, 11, 87, 8, 90, 12]
3	1       59248600
#trying: [87, 12, 8, 89, 90, 11]
4	1       184149533
#trying: [8, 87, 12, 90, 11, 89]
5	1       184115198
#trying: [90, 12, 87, 11, 8, 89]
6	1       186204242
#trying: [89, 90, 87, 11, 12, 8]
7	1       191192481
#trying: [8, 12, 89, 90, 87, 11]
8	1       209202621
#trying: [87, 89, 11, 90, 12, 8]
9	1       201210583
#trying: [12, 8, 90, 87, 11, 89]
10	1       178450763
#trying: [90, 11, 8, 12, 87, 89]
11	1       176884539
#trying: [12, 8, 90, 87, 89, 11]
12	1       176323926
#trying: [8, 12, 90, 11, 89, 87]
13	1       188952260
#trying: [12, 11, 87, 90, 89, 8]
14	1       188142734
#trying: [89, 87, 90, 11, 8, 12]
15	1       62898144
#trying: [87, 11, 89, 90, 8, 12]
16	1       182213309
#trying: [89, 12, 8, 87, 11, 90]
17	1       182304380
#trying: [8, 11, 90, 89, 87, 12]
18	1       178565151
#trying: [87, 8, 90, 12, 11, 89]
19	1       183209742
#trying: [89, 8, 12, 87, 11, 90]
20	1       176215186
#trying: [87, 8, 11, 89, 90, 12]
21	1       40494433
#trying: [90, 87, 12, 8, 11, 89]
22	1       46667044
#trying: [12, 8, 87, 90, 11, 89]
23	1       190385690
#trying: [87, 12, 11, 89, 90, 8]
24	1       171752938
#trying: [8, 89, 87, 12, 90, 11]
25	1       184391380
#trying: [87, 89, 11, 90, 8, 12]
26	1       168993833
#trying: [90, 8, 12, 89, 87, 11]
27	1       179883761
#trying: [12, 87, 89, 11, 90, 8]
28	1       56093415
#trying: [11, 90, 87, 89, 12, 8]
29	1       57716746
#trying: [87, 90, 12, 8, 11, 89]
30	1       48694275
#trying: [87, 11, 8, 90, 89, 12]
31	1       186344458
#trying: [90, 8, 89, 87, 12, 11]
32	1       168815137
#trying: [8, 89, 12, 11, 90, 87]
33	1       44784367
#trying: [87, 8, 89, 11, 12, 90]
34	1       175794907
#trying: [12, 89, 8, 90, 11, 87]
35	1       179044151
#trying: [11, 89, 12, 8, 90, 87]
36	1       174113028
#trying: [90, 87, 89, 12, 11, 8]
37	1       169521621
#trying: [12, 90, 8, 87, 11, 89]
38	1       167425227
#trying: [11, 12, 89, 87, 8, 90]
39	1       162774561
#trying: [89, 12, 90, 8, 87, 11]
40	1       166782227
#trying: [90, 11, 12, 8, 89, 87]
41	1       173648427
#trying: [87, 8, 90, 89, 11, 12]
42	1       170137240
#trying: [12, 89, 87, 90, 8, 11]
43	1       169122671
#trying: [8, 87, 90, 11, 12, 89]
44	1       165761386
#trying: [90, 12, 11, 8, 87, 89]
45	1       169417130
#trying: [11, 8, 89, 87, 90, 12]
46	1       168239632
#trying: [87, 8, 89, 12, 11, 90]
47	1       170118364
#trying: [12, 87, 89, 11, 8, 90]
48	1       161232124
#trying: [8, 11, 89, 90, 12, 87]
49	1       169372625
#trying: [89, 12, 90, 8, 11, 87]
50	1       173960500
#trying: [11, 8, 12, 89, 87, 90]
51	1       170638766
#trying: [12, 87, 89, 8, 90, 11]
52	1       164251840
#trying: [87, 8, 90, 89, 12, 11]
53	1       167313206
#trying: [11, 89, 12, 90, 8, 87]
54	1       167880915
#trying: [8, 12, 11, 90, 89, 87]
55	1       169788963
#trying: [89, 8, 90, 11, 87, 12]
56	1       167090823
#trying: [12, 89, 8, 11, 87, 90]
57	1       160976094
#trying: [90, 11, 89, 12, 87, 8]
58	1       169862985
#trying: [11, 87, 89, 8, 90, 12]
59	1       169585582
#trying: [90, 8, 11, 12, 89, 87]
60	1       174874994
#trying: [11, 89, 90, 8, 12, 87]
61	1       167652467
#trying: [11, 8, 12, 90, 87, 89]
62	1       172592809
#trying: [90, 8, 87, 12, 11, 89]
63	1       170871815
#trying: [8, 90, 87, 12, 11, 89]
64	1       163486386
#trying: [12, 90, 11, 87, 8, 89]
65	1       166816930
#trying: [11, 8, 87, 89, 12, 90]
66	1       178094901
#trying: [87, 90, 12, 89, 8, 11]
67	1       174099547
#trying: [8, 89, 90, 87, 11, 12]
68	1       173773149
#trying: [89, 87, 8, 11, 90, 12]
69	1       171149068
#trying: [8, 11, 89, 12, 90, 87]
70	1       171626760
#trying: [89, 12, 11, 90, 87, 8]
71	1       173751366
#trying: [8, 89, 12, 87, 11, 90]
72	1       167870954
#trying: [87, 11, 8, 90, 12, 89]
73	1       175148697
#trying: [8, 90, 11, 87, 12, 89]
74	1       48151071
#trying: [89, 87, 8, 12, 11, 90]
75	1       41644435
#trying: [11, 89, 87, 8, 12, 90]
76	1       55506830
#trying: [87, 12, 11, 90, 89, 8]
77	1       53390943
#trying: [87, 8, 90, 11, 12, 89]
78	1       43662836
#trying: [11, 89, 12, 90, 87, 8]
79	1       44999717
#trying: [8, 12, 89, 87, 90, 11]
80	1       43864934
#trying: [90, 87, 12, 89, 11, 8]
81	1       57768308
#trying: [11, 12, 8, 90, 87, 89]
82	1       39622360
#trying: [8, 90, 87, 89, 11, 12]
83	1       41065236
#trying: [12, 11, 90, 87, 89, 8]
84	1       42857137
#trying: [11, 12, 90, 89, 8, 87]
85	1       55126691
#trying: [90, 87, 11, 8, 89, 12]
86	1       42410576
#trying: [8, 87, 90, 11, 89, 12]
87	1       53246508
#trying: [87, 8, 89, 90, 11, 12]
88	1       39803534
#trying: [89, 87, 8, 90, 12, 11]
89	1       165963145
#trying: [11, 8, 90, 87, 89, 12]
90	1       164985739
#trying: [89, 8, 12, 87, 90, 11]
91	1       168925684
#trying: [89, 87, 90, 12, 11, 8]
92	1       172029109
#trying: [87, 8, 11, 90, 89, 12]
93	1       169779924
#trying: [87, 90, 11, 89, 8, 12]
94	1       169019970
#trying: [89, 8, 12, 90, 87, 11]
95	1       165699305
#trying: [8, 11, 90, 12, 87, 89]
96	1       168555495
#trying: [12, 89, 8, 11, 90, 87]
97	1       166464569
#trying: [87, 12, 90, 8, 89, 11]
98	1       178707700
#trying: [87, 90, 89, 8, 12, 11]
99	1       40710339
#trying: [8, 11, 12, 87, 90, 89]
100	1       41821402
#trying: [8, 11, 87, 90, 12, 89]
101	1       174804357
#trying: [12, 11, 90, 89, 87, 8]
102	1       47583065
#trying: [90, 12, 8, 87, 11, 89]
103	1       42433431
#trying: [87, 90, 12, 8, 89, 11]
104	1       40417057
#trying: [87, 11, 12, 90, 8, 89]
105	1       168381042
#trying: [12, 8, 89, 11, 87, 90]
106	1       166679105
#trying: [87, 89, 12, 8, 90, 11]
107	1       181703081
#trying: [90, 89, 87, 12, 11, 8]
108	1       43605994
#trying: [90, 12, 87, 89, 11, 8]
109	1       52119775
#trying: [89, 90, 11, 12, 8, 87]
110	1       39905185
#trying: [87, 11, 90, 12, 8, 89]
111	1       41046104
#trying: [90, 89, 11, 87, 12, 8]
112	1       162728343
#trying: [11, 12, 90, 8, 87, 89]
113	1       174820288
#trying: [11, 87, 8, 89, 12, 90]
114	1       176725945
#trying: [89, 12, 90, 87, 8, 11]
115	1       172163473
#trying: [89, 11, 90, 87, 12, 8]
116	1       52409285
#trying: [11, 8, 89, 12, 90, 87]
117	1       61766733
#trying: [12, 8, 11, 90, 89, 87]
118	1       45266037
#trying: [89, 12, 87, 11, 90, 8]
119	1       37499325
#trying: [8, 87, 89, 11, 90, 12]
120	1       48710690
#trying: [11, 87, 12, 8, 89, 90]
121	1       49097680
#trying: [87, 8, 12, 90, 89, 11]
122	1       49109134
#trying: [8, 89, 11, 87, 12, 90]
123	1       43439302
#trying: [87, 11, 12, 89, 90, 8]
124	1       41776856
#trying: [12, 89, 8, 87, 90, 11]
125	1       43382919
#trying: [11, 90, 8, 89, 12, 87]
126	1       43392998
#trying: [89, 90, 12, 87, 8, 11]
127	1       49883966
#trying: [8, 11, 90, 89, 12, 87]
128	1       45713649
#trying: [8, 90, 89, 12, 11, 87]
129	1       60960042
#trying: [11, 89, 87, 8, 90, 12]
130	1       48148353
#trying: [12, 90, 87, 8, 11, 89]
131	1       44839180
#trying: [87, 12, 11, 89, 8, 90]
132	1       41177131
#trying: [8, 90, 12, 11, 89, 87]
133	1       41710953
#trying: [87, 8, 11, 90, 12, 89]
134	1       57715694
#trying: [11, 90, 89, 87, 8, 12]
135	1       39604232
#trying: [89, 8, 90, 87, 11, 12]
136	1       41033097
#trying: [11, 89, 8, 87, 12, 90]
137	1       45499727
#trying: [87, 89, 12, 11, 8, 90]
138	1       40204666
#trying: [12, 11, 8, 90, 87, 89]
139	1       159162720
#trying: [8, 90, 12, 87, 11, 89]
140	1       165463731
#trying: [11, 8, 12, 87, 90, 89]
141	1       159700696
#trying: [87, 11, 90, 89, 12, 8]
142	1       166787264
#trying: [87, 90, 11, 8, 89, 12]
143	1       174172724
#trying: [89, 87, 12, 11, 8, 90]
144	1       174070509
#trying: [12, 90, 87, 11, 8, 89]
145	1       158954235
#trying: [11, 90, 87, 8, 89, 12]
146	1       162449169
#trying: [90, 8, 11, 89, 87, 12]
147	1       165175716
#trying: [8, 90, 12, 11, 87, 89]
148	1       175170172
#trying: [12, 87, 11, 89, 8, 90]
149	1       163476392
#trying: [8, 11, 87, 89, 90, 12]
150	1       166377033
#trying: [8, 11, 87, 12, 89, 90]
151	1       166121566
#trying: [11, 87, 12, 89, 90, 8]
152	1       170293169
#trying: [90, 12, 87, 8, 89, 11]
153	1       166009685
#trying: [90, 87, 11, 8, 12, 89]
154	1       178456759
#trying: [12, 8, 89, 90, 11, 87]
155	1       160417106
#trying: [90, 11, 87, 8, 12, 89]
156	1       165449447
#trying: [89, 87, 12, 8, 90, 11]
157	1       190834376
#trying: [12, 87, 8, 11, 89, 90]
158	1       164227215
#trying: [11, 90, 87, 8, 12, 89]
159	1       170742541
#trying: [8, 12, 90, 89, 87, 11]
160	1       164299842
#trying: [12, 11, 89, 87, 8, 90]
161	1       166749077
#trying: [8, 90, 12, 89, 11, 87]
162	1       171746566
#trying: [12, 90, 87, 8, 89, 11]
163	1       167005610
#trying: [90, 11, 12, 89, 8, 87]
164	1       174974580
#trying: [11, 12, 89, 90, 8, 87]
165	1       174021129
#trying: [12, 90, 87, 89, 11, 8]
166	1       165673080
#trying: [8, 12, 11, 90, 87, 89]
167	1       166932797
#trying: [89, 8, 11, 87, 12, 90]
168	1       166438954
#trying: [11, 87, 90, 89, 8, 12]
169	1       173705349
#trying: [90, 12, 87, 8, 11, 89]
170	1       174184240
#trying: [12, 90, 87, 89, 8, 11]
171	1       163223849
#trying: [11, 89, 8, 12, 87, 90]
172	1       172440433
#trying: [87, 8, 12, 89, 90, 11]
173	1       165937860
#trying: [12, 89, 8, 87, 11, 90]
174	1       174622634
#trying: [11, 90, 12, 89, 8, 87]
175	1       163725820
#trying: [87, 12, 89, 11, 90, 8]
176	1       169261850
#trying: [87, 8, 11, 12, 89, 90]
177	1       167173523
#trying: [8, 90, 89, 87, 12, 11]
178	1       167159897
#trying: [8, 87, 12, 90, 89, 11]
179	1       166020305
#trying: [8, 90, 89, 87, 11, 12]
180	1       165903485
#trying: [11, 90, 87, 89, 8, 12]
181	1       172448362
#trying: [11, 87, 89, 90, 8, 12]
182	1       187134110
#trying: [12, 87, 11, 90, 8, 89]
183	1       210577260
#trying: [8, 90, 11, 12, 89, 87]
184	1       170584529
#trying: [90, 89, 12, 11, 87, 8]
185	1       174182213
#trying: [87, 12, 90, 89, 8, 11]
186	1       161763430
#trying: [89, 87, 11, 90, 8, 12]
187	1       164333640
#trying: [87, 89, 8, 11, 12, 90]
188	1       169785902
#trying: [12, 87, 8, 11, 90, 89]
189	1       164946196
#trying: [89, 8, 12, 90, 11, 87]
190	1       164286691
#trying: [11, 89, 87, 12, 90, 8]
191	1       171168407
#trying: [87, 8, 90, 12, 89, 11]
192	1       168019888
#trying: [89, 8, 11, 12, 90, 87]
193	1       165993182
#trying: [11, 90, 87, 12, 8, 89]
194	1       162914252
#trying: [90, 11, 12, 89, 87, 8]
195	1       179693733
#trying: [8, 87, 89, 11, 12, 90]
196	1       164874277
#trying: [11, 87, 90, 8, 12, 89]
197	1       175998183
#trying: [8, 11, 89, 12, 87, 90]
198	1       175383068
#trying: [12, 8, 87, 11, 89, 90]
199	1       179939700
#trying: [11, 12, 8, 90, 89, 87]
200	1       162503227
#trying: [87, 89, 12, 11, 90, 8]
201	1       183136987
#trying: [87, 90, 89, 8, 11, 12]
202	1       166659589
#trying: [89, 90, 11, 8, 12, 87]
203	1       164689008
#trying: [90, 11, 89, 8, 87, 12]
204	1       180802415
#trying: [11, 87, 8, 90, 89, 12]
205	1       43939933
#trying: [89, 12, 11, 90, 8, 87]
206	1       43743547
#trying: [11, 8, 87, 89, 90, 12]
207	1       51634291
#trying: [11, 90, 12, 87, 89, 8]
208	1       58612685
#trying: [12, 87, 89, 90, 8, 11]
209	1       45444316
#trying: [89, 8, 90, 12, 11, 87]
210	1       170289729
#trying: [11, 12, 8, 89, 90, 87]
211	1       171914541
#trying: [12, 11, 89, 8, 90, 87]
212	1       168663613
#trying: [87, 12, 8, 89, 11, 90]
213	1       169914232
#trying: [12, 8, 90, 11, 87, 89]
214	1       164561763
#trying: [90, 89, 8, 12, 11, 87]
215	1       174064073
#trying: [90, 87, 12, 11, 8, 89]
216	1       169067452
#trying: [12, 8, 89, 87, 11, 90]
217	1       167652022
#trying: [87, 11, 90, 12, 89, 8]
218	1       186429400
#trying: [12, 11, 87, 8, 90, 89]
219	1       160252088
#trying: [89, 8, 12, 11, 87, 90]
220	1       173653305
#trying: [8, 87, 90, 89, 11, 12]
221	1       158908280
#trying: [11, 90, 12, 8, 89, 87]
222	1       178556541
#trying: [8, 87, 11, 12, 90, 89]
223	1       162792924
#trying: [90, 12, 8, 87, 89, 11]
224	1       168811562
#trying: [12, 8, 89, 11, 90, 87]
225	1       171100627
#trying: [89, 8, 90, 11, 12, 87]
226	1       58755629
#trying: [90, 89, 12, 11, 8, 87]
227	1       49277838
#trying: [89, 90, 11, 87, 8, 12]
228	1       55171616
#trying: [90, 87, 8, 12, 89, 11]
229	1       48196069
#trying: [90, 8, 12, 87, 11, 89]
230	1       44804937
#trying: [12, 11, 87, 89, 8, 90]
231	1       173417202
#trying: [12, 11, 8, 90, 89, 87]
232	1       179453442
#trying: [90, 11, 87, 12, 89, 8]
233	1       161576693
#trying: [12, 87, 8, 90, 11, 89]
234	1       168992066
#trying: [12, 89, 87, 8, 11, 90]
235	1       166226814
#trying: [87, 11, 12, 8, 89, 90]
236	1       167475834
#trying: [89, 8, 11, 90, 87, 12]
237	1       177427259
#trying: [87, 12, 8, 11, 90, 89]
238	1       173572603
#trying: [11, 89, 12, 87, 90, 8]
239	1       179528370
#trying: [8, 12, 87, 90, 11, 89]
240	1       48988372
#trying: [90, 87, 89, 8, 12, 11]
241	1       44134476
#trying: [89, 12, 8, 90, 11, 87]
242	1       38309142
#trying: [87, 90, 89, 12, 8, 11]
243	1       48621683
#trying: [11, 8, 12, 90, 89, 87]
244	1       38576452
#trying: [12, 90, 89, 87, 11, 8]
245	1       39182704
#trying: [8, 12, 11, 89, 87, 90]
246	1       176775683
#trying: [11, 8, 89, 90, 87, 12]
247	1       51887051
#trying: [11, 8, 87, 90, 89, 12]
248	1       46838887
#trying: [12, 89, 11, 90, 87, 8]
249	1       186395183
#trying: [90, 11, 12, 87, 8, 89]
250	1       166518297
#trying: [89, 12, 90, 11, 87, 8]
251	1       171610406
#trying: [12, 11, 87, 90, 8, 89]
252	1       172026980
#trying: [89, 11, 90, 12, 87, 8]
253	1       177771973
#trying: [90, 11, 12, 8, 87, 89]
254	1       176618386
#trying: [90, 8, 11, 87, 12, 89]
255	1       172260773
#trying: [90, 12, 89, 11, 8, 87]
256	1       51672843
#trying: [87, 90, 8, 89, 12, 11]
257	1       42305500
#trying: [8, 11, 87, 90, 89, 12]
258	1       46603644
#trying: [89, 87, 12, 11, 90, 8]
259	1       41552221
#trying: [11, 90, 89, 12, 87, 8]
260	1       39788133
#trying: [89, 87, 11, 8, 12, 90]
261	1       164615455
#trying: [90, 87, 12, 11, 89, 8]
262	1       167517635
#trying: [89, 12, 87, 90, 8, 11]
263	1       172530664
#trying: [12, 90, 87, 11, 89, 8]
264	1       164567919
#trying: [8, 12, 11, 87, 90, 89]
265	1       171310879
#trying: [89, 90, 87, 11, 8, 12]
266	1       187184779
#trying: [11, 87, 8, 90, 12, 89]
267	1       45365355
#trying: [8, 89, 11, 90, 12, 87]
268	1       54571383
#trying: [90, 12, 89, 8, 87, 11]
269	1       45959705
#trying: [12, 8, 90, 11, 89, 87]
270	1       44058925
#trying: [8, 12, 89, 90, 11, 87]
271	1       45703442
#trying: [8, 89, 87, 11, 12, 90]
272	1       46612847
#trying: [89, 12, 90, 87, 11, 8]
273	1       49342313
#trying: [11, 87, 12, 8, 90, 89]
274	1       181697569
#trying: [11, 12, 90, 89, 87, 8]
275	1       175093678
#trying: [89, 11, 8, 12, 90, 87]
276	1       185856666
#trying: [11, 89, 8, 87, 90, 12]
277	1       165032123
#trying: [89, 90, 8, 87, 12, 11]
278	1       170763127
#trying: [87, 89, 11, 8, 90, 12]
279	1       181710554
#trying: [12, 87, 89, 90, 11, 8]
280	1       44227079
#trying: [12, 89, 90, 87, 11, 8]
281	1       42112570
#trying: [90, 89, 87, 12, 8, 11]
282	1       40768737
#trying: [90, 11, 87, 89, 8, 12]
283	1       59829860
#trying: [8, 89, 87, 12, 11, 90]
284	1       42380348
#trying: [8, 12, 89, 87, 11, 90]
285	1       51308788
#trying: [8, 87, 89, 12, 11, 90]
286	1       47245103
#trying: [11, 90, 89, 8, 87, 12]
287	1       41049499
#trying: [90, 89, 8, 11, 12, 87]
288	1       42920093
#trying: [12, 90, 89, 11, 87, 8]
289	1       54484994
#trying: [90, 12, 89, 11, 87, 8]
290	1       56205950
#trying: [11, 12, 87, 89, 8, 90]
291	1       41460811
#trying: [11, 89, 8, 12, 90, 87]
292	1       50465446
#trying: [87, 90, 89, 12, 11, 8]
293	1       45564130
#trying: [89, 90, 12, 11, 87, 8]
294	1       45714849
#trying: [8, 87, 11, 12, 89, 90]
295	1       43523018
#trying: [90, 11, 89, 87, 12, 8]
296	1       183100212
#trying: [89, 11, 87, 90, 8, 12]
297	1       41529871
#trying: [8, 87, 89, 12, 90, 11]
298	1       178777292
#trying: [90, 11, 89, 12, 8, 87]
299	1       170717343
#trying: [8, 89, 90, 12, 87, 11]
300	1       180063391
#trying: [12, 11, 8, 89, 87, 90]
301	1       50782096
#trying: [90, 89, 8, 11, 87, 12]
302	1       46490954
#trying: [8, 12, 11, 89, 90, 87]
303	1       65393476
#trying: [12, 87, 8, 90, 89, 11]
304	1       176263474
#trying: [11, 90, 89, 12, 8, 87]
305	1       188603216
#trying: [87, 12, 89, 90, 11, 8]
306	1       168391771
#trying: [11, 90, 12, 8, 87, 89]
307	1       176325623
#trying: [11, 87, 90, 12, 89, 8]
308	1       58221501
#trying: [8, 90, 87, 11, 12, 89]
309	1       178220326
#trying: [90, 89, 87, 11, 8, 12]
310	1       179702257
#trying: [11, 12, 90, 87, 89, 8]
311	1       186478961
#trying: [11, 87, 89, 12, 90, 8]
312	1       173834445
#trying: [11, 12, 89, 87, 90, 8]
313	1       55363378
#trying: [89, 87, 90, 8, 12, 11]
314	1       48718809
#trying: [8, 89, 87, 90, 11, 12]
315	1       46204639
#trying: [87, 89, 90, 8, 12, 11]
316	1       48549991
#trying: [11, 8, 89, 87, 12, 90]
317	1       180289031
#trying: [12, 11, 89, 90, 87, 8]
318	1       172356159
#trying: [89, 90, 12, 8, 87, 11]
319	1       175260495
#trying: [11, 89, 90, 87, 12, 8]
320	1       177391492
#trying: [87, 11, 89, 12, 8, 90]
321	1       173450856
#trying: [8, 87, 89, 90, 12, 11]
322	1       177870284
#trying: [12, 87, 11, 8, 89, 90]
323	1       177176368
#trying: [8, 87, 11, 89, 90, 12]
324	1       43714248
#trying: [89, 90, 87, 12, 8, 11]
325	1       186589878
#trying: [11, 12, 90, 8, 89, 87]
326	1       46053523
#trying: [89, 90, 8, 12, 11, 87]
327	1       41294159
#trying: [87, 12, 89, 8, 11, 90]
328	1       49814856
#trying: [8, 11, 87, 89, 12, 90]
329	1       189380449
#trying: [12, 8, 87, 11, 90, 89]
330	1       173911528
#trying: [89, 87, 8, 11, 12, 90]
331	1       180487054
#trying: [87, 90, 11, 12, 8, 89]
332	1       188852013
#trying: [11, 87, 12, 89, 8, 90]
333	1       55766777
#trying: [8, 87, 89, 90, 11, 12]
334	1       55031504
#trying: [12, 90, 11, 8, 87, 89]
335	1       42018296
#trying: [90, 8, 12, 89, 11, 87]
336	1       49675087
#trying: [90, 87, 8, 11, 12, 89]
337	1       46859286
#trying: [89, 8, 11, 12, 87, 90]
338	1       48407874
#trying: [12, 87, 11, 8, 90, 89]
339	1       172341521
#trying: [8, 12, 90, 11, 87, 89]
340	1       167213019
#trying: [87, 89, 8, 12, 11, 90]
341	1       181779795
#trying: [89, 11, 12, 90, 87, 8]
342	1       166391807
#trying: [87, 11, 89, 12, 90, 8]
343	1       168093043
#trying: [11, 8, 89, 12, 87, 90]
344	1       166624588
#trying: [12, 89, 90, 87, 8, 11]
345	1       173739219
#trying: [87, 8, 89, 12, 90, 11]
346	1       185923646
#trying: [87, 90, 12, 11, 89, 8]
347	1       53377461
#trying: [89, 87, 8, 12, 90, 11]
348	1       184191112
#trying: [90, 8, 11, 12, 87, 89]
349	1       179932214
#trying: [12, 89, 90, 11, 8, 87]
350	1       180211958
#trying: [8, 87, 12, 89, 90, 11]
351	1       168525832
#trying: [89, 12, 87, 8, 11, 90]
352	1       169910661
#trying: [12, 90, 8, 11, 87, 89]
353	1       172696499
#trying: [11, 12, 87, 89, 90, 8]
354	1       168004435
#trying: [89, 8, 87, 90, 11, 12]
355	1       165737917
#trying: [12, 90, 8, 89, 87, 11]
356	1       45293923
#trying: [12, 8, 87, 90, 89, 11]
357	1       58769025
#trying: [8, 90, 89, 12, 87, 11]
358	1       176672311
#trying: [12, 11, 89, 8, 87, 90]
359	1       176647061
#trying: [90, 89, 87, 8, 11, 12]
360	1       176729123
#trying: [12, 8, 11, 90, 87, 89]
361	1       179587288
#trying: [89, 87, 11, 12, 90, 8]
362	1       47206830
#trying: [11, 87, 8, 12, 90, 89]
363	1       48097070
#trying: [11, 89, 90, 8, 87, 12]
364	1       55424555
#trying: [87, 89, 8, 12, 90, 11]
365	1       169218856
#trying: [90, 8, 87, 11, 12, 89]
366	1       187132069
#trying: [11, 89, 12, 87, 8, 90]
367	1       174217637
#trying: [12, 8, 11, 87, 89, 90]
368	1       167191787
#trying: [87, 8, 89, 11, 90, 12]
369	1       177147107
#trying: [90, 8, 11, 89, 12, 87]
370	1       52110354
#trying: [12, 11, 8, 89, 90, 87]
371	1       50320755
#trying: [87, 90, 11, 12, 89, 8]
372	1       41891953
#trying: [12, 11, 87, 8, 89, 90]
373	1       42679046
#trying: [89, 87, 90, 8, 11, 12]
374	1       58065610
#trying: [8, 87, 90, 89, 12, 11]
375	1       44598168
#trying: [87, 89, 8, 90, 12, 11]
376	1       43556095
#trying: [90, 87, 89, 8, 11, 12]
377	1       42148583
#trying: [89, 11, 87, 12, 8, 90]
378	1       43909666
#trying: [89, 11, 90, 8, 87, 12]
379	1       46804522
#trying: [89, 11, 87, 90, 12, 8]
380	1       187062110
#trying: [87, 11, 90, 8, 12, 89]
381	1       175101169
#trying: [90, 89, 8, 12, 87, 11]
382	1       176840963
#trying: [87, 11, 89, 8, 12, 90]
383	1       166687647
#trying: [90, 89, 87, 8, 12, 11]
384	1       172413429
#trying: [12, 8, 11, 89, 87, 90]
385	1       167477951
#trying: [89, 12, 8, 90, 87, 11]
386	1       165538414
#trying: [12, 8, 87, 89, 11, 90]
387	1       170716169
#trying: [90, 8, 89, 87, 11, 12]
388	1       166042269
#trying: [89, 8, 12, 11, 90, 87]
389	1       166874459
#trying: [87, 89, 90, 11, 8, 12]
390	1       174891926
#trying: [89, 11, 12, 8, 87, 90]
391	1       171615948
#trying: [87, 90, 89, 11, 12, 8]
392	1       168615407
#trying: [11, 90, 12, 89, 87, 8]
393	1       167557715
#trying: [8, 90, 89, 11, 12, 87]
394	1       167999110
#trying: [87, 8, 12, 90, 11, 89]
395	1       168485037
#trying: [11, 12, 8, 87, 89, 90]
396	1       169601955
#trying: [8, 90, 12, 89, 87, 11]
397	1       164149553
#trying: [11, 89, 87, 12, 8, 90]
398	1       163138234
#trying: [90, 87, 8, 89, 12, 11]
399	1       171224653
#trying: [89, 90, 8, 87, 11, 12]
400	1       172103763
#trying: [12, 90, 89, 87, 8, 11]
401	1       169263459
#trying: [11, 12, 87, 90, 89, 8]
402	1       183763226
#trying: [89, 11, 87, 12, 90, 8]
403	1       42739627
#trying: [87, 8, 12, 89, 11, 90]
404	1       45161299
#trying: [90, 12, 8, 11, 87, 89]
405	1       170495250
#trying: [11, 90, 8, 12, 89, 87]
406	1       45141674
#trying: [12, 90, 11, 87, 89, 8]
407	1       183802607
#trying: [90, 12, 8, 89, 87, 11]
408	1       177165010
#trying: [8, 12, 87, 89, 90, 11]
409	1       166102050
#trying: [89, 11, 8, 90, 87, 12]
410	1       178906582
#trying: [89, 90, 87, 8, 11, 12]
411	1       166426238
#trying: [90, 11, 87, 89, 12, 8]
412	1       180391912
#trying: [12, 89, 8, 90, 87, 11]
413	1       50589224
#trying: [89, 11, 8, 87, 90, 12]
414	1       61775743
#trying: [12, 89, 11, 8, 90, 87]
415	1       193592788
#trying: [12, 90, 89, 11, 8, 87]
416	1       177494941
#trying: [89, 87, 11, 8, 90, 12]
417	1       61398231
#trying: [8, 90, 87, 89, 12, 11]
418	1       172577225
#trying: [12, 11, 8, 87, 89, 90]
419	1       153919712
#trying: [87, 12, 89, 8, 90, 11]
420	1       178058729
#trying: [12, 8, 87, 89, 90, 11]
421	1       89446233
#trying: [87, 12, 90, 11, 8, 89]
422	1       185597265
#trying: [11, 8, 90, 12, 89, 87]
423	1       193414051
#trying: [90, 87, 12, 8, 89, 11]
424	1       67864004
#trying: [11, 87, 12, 90, 89, 8]
425	1       193524084
#trying: [8, 90, 11, 87, 89, 12]
426	1       59407913
#trying: [12, 90, 89, 8, 11, 87]
427	1       380989278
#trying: [87, 89, 8, 90, 11, 12]
428	1       185168277
#trying: [89, 11, 12, 87, 90, 8]
429	1       201076129
#trying: [90, 8, 87, 89, 12, 11]
430	1       198908450
#trying: [12, 90, 11, 89, 8, 87]
431	1       208175669
#trying: [89, 12, 90, 11, 8, 87]
432	1       69227547
#trying: [11, 8, 90, 89, 87, 12]
433	1       382250459
#trying: [12, 87, 90, 89, 8, 11]
434	1       112027866
#trying: [90, 8, 89, 11, 12, 87]
435	1       361625864
#trying: [11, 8, 87, 12, 90, 89]
436	1       60155117
#trying: [89, 11, 87, 8, 12, 90]
437	1       191517472
#trying: [11, 89, 12, 8, 87, 90]
438	1       188341135
#trying: [90, 87, 89, 12, 8, 11]
439	1       194859918
#trying: [90, 87, 11, 89, 12, 8]
440	1       180004986
#trying: [89, 11, 90, 8, 12, 87]
441	1       171891741
#trying: [89, 11, 8, 87, 12, 90]
442	1       53212109
#trying: [89, 11, 8, 90, 12, 87]
443	1       377395270
#trying: [8, 90, 87, 12, 89, 11]
444	1       377858603
#trying: [12, 87, 11, 90, 89, 8]
445	1       465267473
#trying: [8, 89, 11, 12, 90, 87]
446	1       185640898
#trying: [87, 90, 8, 12, 89, 11]
447	1       626629113
#trying: [8, 89, 12, 11, 87, 90]
448	1       358220984
#trying: [8, 89, 12, 87, 90, 11]
449	1       602792943
#trying: [8, 11, 12, 90, 89, 87]
450	1       592546826
#trying: [11, 87, 8, 12, 89, 90]
451	1       623841501
#trying: [11, 89, 90, 12, 87, 8]
452	1       786130709
#trying: [8, 89, 87, 11, 90, 12]
453	1       800038286
#trying: [87, 90, 11, 8, 12, 89]
454	1       799908095
#trying: [90, 8, 87, 89, 11, 12]
455	1       607602806
#trying: [8, 12, 87, 11, 90, 89]
456	1       573350418
#trying: [11, 89, 8, 90, 87, 12]
457	1       810606672
#trying: [89, 12, 11, 87, 8, 90]
458	1       802611835
#trying: [12, 87, 90, 8, 11, 89]
459	1       791412784
#trying: [89, 87, 12, 8, 11, 90]
460	1       796451541
#trying: [8, 12, 87, 89, 11, 90]
461	1       987955898
#trying: [90, 89, 11, 12, 87, 8]
462	1       790381959
#trying: [90, 11, 12, 87, 89, 8]
463	1       784394959
#trying: [90, 8, 12, 87, 89, 11]
464	1       602531198
#trying: [90, 87, 8, 11, 89, 12]
465	1       394051343
#trying: [8, 11, 89, 87, 12, 90]
466	1       395287631
#trying: [8, 12, 90, 87, 89, 11]
467	1       216818853
#trying: [8, 90, 11, 12, 87, 89]
468	1       171785343
#trying: [11, 90, 89, 8, 12, 87]
469	1       165018547
#trying: [89, 90, 87, 12, 11, 8]
470	1       160294735
#trying: [90, 87, 89, 11, 12, 8]
471	1       173331726
#trying: [87, 90, 11, 89, 12, 8]
472	1       171859232
#trying: [87, 12, 11, 8, 89, 90]
473	1       168841129
#trying: [87, 8, 89, 90, 12, 11]
474	1       41524186
#trying: [90, 11, 87, 12, 8, 89]
475	1       170484737
#trying: [89, 8, 87, 12, 90, 11]
476	1       162771655
#trying: [8, 87, 11, 90, 89, 12]
477	1       46233112
#trying: [90, 89, 87, 11, 12, 8]
478	1       177453089
#trying: [8, 12, 87, 11, 89, 90]
479	1       61431355
#trying: [89, 12, 8, 87, 90, 11]
480	1       173376595
#trying: [87, 11, 8, 89, 90, 12]
481	1       167526185
#trying: [87, 12, 8, 11, 89, 90]
482	1       170377345
#trying: [90, 11, 8, 89, 12, 87]
483	1       172552484
#trying: [90, 12, 8, 89, 11, 87]
484	1       164737395
#trying: [89, 8, 11, 87, 90, 12]
485	1       172535356
#trying: [90, 89, 11, 8, 12, 87]
486	1       168642493
#trying: [11, 90, 8, 87, 12, 89]
487	1       176615453
#trying: [89, 8, 87, 90, 12, 11]
488	1       167502226
#trying: [8, 89, 11, 87, 90, 12]
489	1       44682643
#trying: [87, 89, 11, 12, 8, 90]
490	1       207420278
#trying: [89, 87, 12, 90, 11, 8]
491	1       395290157
#trying: [87, 90, 8, 89, 11, 12]
492	1       198938375
#trying: [87, 8, 12, 11, 90, 89]
493	1       207157791
#trying: [11, 90, 89, 87, 12, 8]
494	1       200424005
#trying: [90, 8, 89, 12, 87, 11]
495	1       222413745
#trying: [8, 11, 90, 12, 89, 87]
496	1       410283774
#trying: [90, 87, 11, 12, 89, 8]
497	1       393061549
#trying: [87, 89, 12, 90, 8, 11]
498	1       374913651
#trying: [87, 90, 8, 12, 11, 89]
499	1       215156464
#trying: [90, 12, 11, 87, 89, 8]
500	1       205480414
#trying: [89, 90, 8, 11, 12, 87]
501	1       202296605
#trying: [12, 87, 8, 89, 11, 90]
502	1       392902387
#trying: [89, 11, 90, 87, 8, 12]
503	1       41858590
#trying: [90, 89, 11, 12, 8, 87]
504	1       47213692
#trying: [11, 87, 12, 90, 8, 89]
505	1       43775506
#trying: [87, 11, 89, 8, 90, 12]
506	1       42188015
#trying: [12, 87, 90, 11, 89, 8]
507	1       53475968
#trying: [89, 11, 12, 90, 8, 87]
508	1       40148313
#trying: [89, 87, 8, 90, 11, 12]
509	1       44331136
#trying: [87, 8, 11, 12, 90, 89]
510	1       41209327
#trying: [87, 12, 89, 90, 8, 11]
511	1       44004354
#trying: [90, 12, 89, 87, 8, 11]
512	1       56493252
#trying: [12, 8, 11, 89, 90, 87]
513	1       42514361
#trying: [89, 11, 12, 8, 90, 87]
514	1       41939356
#trying: [89, 90, 11, 8, 87, 12]
515	1       47352355
#trying: [90, 87, 12, 89, 8, 11]
516	1       40560379
#trying: [8, 89, 90, 11, 12, 87]
517	1       59826459
#trying: [90, 11, 8, 12, 89, 87]
518	1       51096277
#trying: [90, 12, 87, 11, 89, 8]
519	1       45074039
#trying: [90, 12, 11, 89, 87, 8]
520	1       40272077
#trying: [11, 12, 8, 87, 90, 89]
521	1       170008311
#trying: [12, 11, 90, 87, 8, 89]
522	1       173859595
#trying: [87, 12, 89, 11, 8, 90]
523	1       176661675
#trying: [90, 8, 11, 87, 89, 12]
524	1       186235852
#trying: [12, 87, 90, 8, 89, 11]
525	1       169120882
#trying: [11, 89, 8, 90, 12, 87]
526	1       170358090
#trying: [90, 8, 12, 11, 89, 87]
527	1       170894806
#trying: [90, 87, 8, 89, 11, 12]
528	1       162799888
#trying: [90, 11, 87, 8, 89, 12]
529	1       165647422
#trying: [89, 87, 12, 90, 8, 11]
530	1       167431347
#trying: [87, 90, 8, 11, 12, 89]
531	1       167103311
#trying: [8, 11, 87, 12, 90, 89]
532	1       168467252
#trying: [90, 89, 12, 87, 8, 11]
533	1       169962955
#trying: [12, 90, 11, 8, 89, 87]
534	1       163205129
#trying: [11, 89, 90, 87, 8, 12]
535	1       165472094
#trying: [8, 87, 11, 90, 12, 89]
536	1       38991793
#trying: [87, 90, 12, 89, 11, 8]
537	1       38732584
#trying: [12, 11, 89, 87, 90, 8]
538	1       200911705
#trying: [89, 8, 11, 90, 12, 87]
539	1       212906599
#trying: [89, 12, 87, 90, 11, 8]
540	1       207250918
#trying: [90, 87, 11, 89, 8, 12]
541	1       395604289
#trying: [90, 11, 8, 87, 89, 12]
542	1       208053598
#trying: [11, 90, 12, 87, 8, 89]
543	1       211180619
#trying: [8, 87, 12, 11, 89, 90]
544	1       213254725
#trying: [90, 12, 11, 8, 89, 87]
545	1       371207537
#trying: [89, 87, 11, 90, 12, 8]
546	1       208073419
#trying: [87, 89, 12, 90, 11, 8]
547	1       219763773
#trying: [89, 12, 87, 8, 90, 11]
548	1       206400278
#trying: [89, 11, 8, 12, 87, 90]
549	1       211229300
#trying: [90, 89, 8, 87, 11, 12]
550	1       39676470
#trying: [12, 89, 11, 8, 87, 90]
551	1       51013087
#trying: [87, 90, 8, 11, 89, 12]
552	1       45013147
#trying: [89, 90, 11, 87, 12, 8]
553	1       43905733
#trying: [12, 89, 11, 90, 8, 87]
554	1       175856236
#trying: [87, 89, 90, 12, 11, 8]
555	1       40367160
#trying: [87, 11, 12, 8, 90, 89]
556	1       184553653
#trying: [87, 12, 8, 90, 11, 89]
557	1       181986533
#trying: [8, 87, 11, 89, 12, 90]
558	1       168624907
#trying: [8, 89, 11, 12, 87, 90]
559	1       181644532
#trying: [11, 87, 8, 89, 90, 12]
560	1       160877893
#trying: [8, 11, 89, 90, 87, 12]
561	1       48349720
#trying: [8, 89, 90, 11, 87, 12]
562	1       48146985
#trying: [89, 8, 87, 11, 12, 90]
563	1       50249609
#trying: [11, 8, 12, 89, 90, 87]
564	1       48846792
#trying: [11, 90, 8, 89, 87, 12]
565	1       173015383
#trying: [8, 87, 12, 11, 90, 89]
566	1       173942856
#trying: [87, 8, 90, 11, 89, 12]
567	1       162450368
#trying: [12, 8, 11, 87, 90, 89]
568	1       191492180
#trying: [87, 12, 11, 8, 90, 89]
569	1       176729555
#trying: [90, 11, 89, 8, 12, 87]
570	1       178314026
#trying: [90, 87, 11, 12, 8, 89]
571	1       47369445
#trying: [89, 11, 90, 12, 8, 87]
572	1       57315500
#trying: [90, 8, 12, 11, 87, 89]
573	1       47839178
#trying: [11, 87, 89, 12, 8, 90]
574	1       184145158
#trying: [87, 11, 8, 12, 90, 89]
575	1       173253129
#trying: [90, 12, 11, 87, 8, 89]
576	1       191166171
#trying: [89, 90, 12, 87, 11, 8]
577	1       185470107
#trying: [12, 90, 8, 11, 89, 87]
578	1       162329968
#trying: [12, 89, 87, 8, 90, 11]
579	1       45781855
#trying: [12, 87, 11, 89, 90, 8]
580	1       193389279
#trying: [12, 8, 90, 89, 11, 87]
581	1       184098770
#trying: [11, 12, 8, 89, 87, 90]
582	1       177127781
#trying: [90, 11, 89, 87, 8, 12]
583	1       47675479
#trying: [90, 89, 12, 8, 11, 87]
584	1       65652841
#trying: [90, 89, 11, 87, 8, 12]
585	1       43420713
#trying: [89, 90, 12, 8, 11, 87]
586	1       176698331
#trying: [11, 87, 90, 89, 12, 8]
587	1       191157941
#trying: [12, 11, 89, 90, 8, 87]
588	1       193709742
#trying: [90, 8, 87, 11, 89, 12]
589	1       67797404
#trying: [87, 11, 8, 12, 89, 90]
590	1       188635026
#trying: [90, 12, 89, 87, 11, 8]
591	1       172992936
#trying: [12, 11, 87, 89, 90, 8]
592	1       178589909
#trying: [8, 11, 89, 87, 90, 12]
593	1       168226366
#trying: [12, 87, 8, 89, 90, 11]
594	1       43104723
#trying: [12, 89, 90, 8, 11, 87]
595	1       53155620
#trying: [11, 89, 90, 12, 8, 87]
596	1       46028473
#trying: [90, 89, 12, 87, 11, 8]
597	1       47673549
#trying: [89, 12, 8, 11, 87, 90]
598	1       40995227
#trying: [87, 89, 90, 8, 11, 12]
599	1       46216620
#trying: [90, 12, 8, 11, 89, 87]
600	1       42926663
#trying: [89, 12, 8, 11, 90, 87]
601	1       40300697
#trying: [87, 12, 90, 8, 11, 89]
602	1       47332395
#trying: [12, 8, 89, 87, 90, 11]
603	1       45980802
#trying: [87, 12, 90, 89, 11, 8]
604	1       46434266
#trying: [8, 90, 89, 11, 87, 12]
605	1       56853090
#trying: [90, 12, 87, 89, 8, 11]
606	1       203801371
#trying: [87, 8, 11, 89, 12, 90]
607	1       176671675
#trying: [12, 90, 8, 87, 89, 11]
608	1       46966833
#trying: [89, 8, 87, 11, 90, 12]
609	1       69303638
#trying: [12, 8, 90, 89, 87, 11]
610	1       45640838
#trying: [11, 8, 87, 90, 12, 89]
611	1       44828371
#trying: [11, 90, 8, 12, 87, 89]
612	1       177197117
#trying: [8, 90, 11, 89, 87, 12]
613	1       176322239
#trying: [12, 89, 87, 11, 90, 8]
614	1       169131894
#trying: [8, 89, 12, 90, 11, 87]
615	1       179017171
#trying: [12, 11, 90, 8, 89, 87]
616	1       163510232
#trying: [8, 12, 89, 11, 90, 87]
617	1       170124600
#trying: [87, 11, 8, 89, 12, 90]
618	1       174957972
#trying: [8, 89, 12, 90, 87, 11]
619	1       43868032
#trying: [11, 87, 89, 8, 12, 90]
620	1       41748321
#trying: [8, 87, 90, 12, 11, 89]
621	1       47540689
#trying: [89, 90, 8, 12, 87, 11]
622	1       48470345
#trying: [87, 8, 12, 11, 89, 90]
623	1       49303174
#trying: [87, 89, 90, 12, 8, 11]
624	1       42555943
#trying: [87, 12, 11, 90, 8, 89]
625	1       42911150
#trying: [11, 8, 90, 87, 12, 89]
626	1       41253256
#trying: [89, 8, 90, 87, 12, 11]
627	1       44342079
#trying: [89, 8, 90, 12, 87, 11]
628	1       45056837
#trying: [12, 11, 8, 87, 90, 89]
629	1       42771128
#trying: [89, 12, 11, 8, 87, 90]
630	1       43118581
#trying: [87, 11, 90, 89, 8, 12]
631	1       45881803
#trying: [89, 11, 12, 87, 8, 90]
632	1       46157256
#trying: [8, 89, 87, 90, 12, 11]
633	1       42788537
#trying: [90, 12, 89, 8, 11, 87]
634	1       43884580
#trying: [12, 89, 87, 11, 8, 90]
635	1       42493485
#trying: [11, 87, 90, 12, 8, 89]
636	1       57278030
#trying: [87, 11, 12, 89, 8, 90]
637	1       40058705
#trying: [8, 11, 12, 87, 89, 90]
638	1       176680478
#trying: [90, 87, 89, 11, 8, 12]
639	1       189731849
#trying: [90, 89, 11, 8, 87, 12]
640	1       168457168
#trying: [12, 87, 90, 11, 8, 89]
641	1       166156436
#trying: [8, 90, 87, 11, 89, 12]
642	1       181826794
#trying: [12, 87, 89, 8, 11, 90]
643	1       176655668
#trying: [87, 11, 89, 90, 12, 8]
644	1       184655354
#trying: [8, 12, 89, 11, 87, 90]
645	1       172383417
#trying: [8, 11, 90, 87, 12, 89]
646	1       169938173
#trying: [12, 11, 90, 89, 8, 87]
647	1       174650676
#trying: [8, 11, 90, 87, 89, 12]
648	1       181410021
#trying: [89, 12, 11, 87, 90, 8]
649	1       172236263
#trying: [11, 12, 89, 8, 90, 87]
650	1       173959391
#trying: [12, 89, 90, 8, 87, 11]
651	1       169976182
#trying: [11, 8, 12, 87, 89, 90]
652	1       38722172
#trying: [8, 11, 12, 90, 87, 89]
653	1       178361844
#trying: [8, 12, 90, 87, 11, 89]
654	1       43784687
#trying: [8, 89, 11, 90, 87, 12]
655	1       42672107
#trying: [87, 11, 90, 8, 89, 12]
656	1       46397981
#trying: [87, 89, 90, 11, 12, 8]
657	1       65719607
#trying: [89, 90, 12, 11, 8, 87]
658	1       47913411
#trying: [8, 12, 11, 87, 89, 90]
659	1       46394454
#trying: [8, 11, 12, 89, 87, 90]
660	1       181549661
#trying: [11, 12, 90, 87, 8, 89]
661	1       172179543
#trying: [89, 90, 8, 11, 87, 12]
662	1       167320827
#trying: [87, 12, 8, 90, 89, 11]
663	1       167340804
#trying: [8, 90, 11, 89, 12, 87]
664	1       177018158
#trying: [11, 8, 87, 12, 89, 90]
665	1       169446225
#trying: [89, 90, 11, 12, 87, 8]
666	1       172244068
#trying: [8, 89, 90, 12, 11, 87]
667	1       171026614
#trying: [8, 90, 12, 87, 89, 11]
668	1       172459764
#trying: [87, 89, 11, 8, 12, 90]
669	1       176860488
#trying: [90, 11, 8, 89, 87, 12]
670	1       170609136
#trying: [12, 90, 8, 89, 11, 87]
671	1       167216583
#trying: [11, 8, 89, 90, 12, 87]
672	1       177796133
#trying: [8, 87, 12, 89, 11, 90]
673	1       56099990
#trying: [12, 89, 90, 11, 87, 8]
674	1       42611985
#trying: [8, 12, 90, 89, 11, 87]
675	1       41562672
#trying: [12, 8, 89, 90, 87, 11]
676	1       55478335
#trying: [87, 90, 12, 11, 8, 89]
677	1       57665979
#trying: [12, 90, 89, 8, 87, 11]
678	1       41518603
#trying: [11, 8, 90, 12, 87, 89]
679	1       46083710
#trying: [87, 12, 90, 11, 89, 8]
680	1       41753238
#trying: [90, 8, 89, 12, 11, 87]
681	1       185705971
#trying: [11, 12, 87, 8, 89, 90]
682	1       168725372
#trying: [87, 89, 11, 12, 90, 8]
683	1       162391126
#trying: [89, 12, 87, 11, 8, 90]
684	1       180796961
#trying: [8, 87, 90, 12, 89, 11]
685	1       175106577
#trying: [90, 89, 12, 8, 87, 11]
686	1       163168905
#trying: [12, 89, 87, 90, 11, 8]
687	1       177860707
#trying: [11, 89, 87, 90, 12, 8]
688	1       43261206
#trying: [89, 87, 90, 12, 8, 11]
689	1       43520835
#trying: [90, 87, 8, 12, 11, 89]
690	1       48711654
#trying: [90, 8, 89, 11, 87, 12]
691	1       42306940
#trying: [90, 8, 87, 12, 89, 11]
692	1       42584968
#trying: [89, 12, 11, 8, 90, 87]
693	1       45663968
#trying: [11, 8, 90, 89, 12, 87]
694	1       43654695
#trying: [89, 87, 11, 12, 8, 90]
695	1       42458388
#trying: [8, 12, 87, 90, 89, 11]
696	1       62214143
#trying: [8, 89, 90, 87, 12, 11]
697	1       46343272
#trying: [11, 89, 87, 90, 8, 12]
698	1       50541858
#trying: [11, 12, 89, 90, 87, 8]
699	1       180812434
#trying: [11, 12, 89, 8, 87, 90]
700	1       183086955
#trying: [87, 11, 12, 90, 89, 8]
701	1       173706106
#trying: [89, 87, 90, 11, 12, 8]
702	1       187454751
#trying: [89, 8, 87, 12, 11, 90]
703	1       48785324
#trying: [87, 89, 8, 11, 90, 12]
704	1       44861419
#trying: [90, 11, 8, 87, 12, 89]
705	1       43229838
#trying: [87, 89, 12, 8, 11, 90]
706	1       50290526
#trying: [8, 11, 12, 89, 90, 87]
707	1       38721580
#trying: [90, 12, 11, 89, 8, 87]
708	1       45419981
#trying: [11, 12, 87, 8, 90, 89]
709	1       47880352
#trying: [12, 89, 11, 87, 8, 90]
710	1       178517347
#trying: [12, 89, 11, 87, 90, 8]
711	1       182878633
#trying: [12, 87, 90, 89, 11, 8]
712	1       169321706
#trying: [11, 90, 8, 87, 89, 12]
713	1       164698112
#trying: [90, 89, 8, 87, 12, 11]
714	1       165501171
#trying: [11, 87, 89, 90, 12, 8]
715	1       169120580
#trying: [87, 90, 89, 11, 8, 12]
716	1       165088034
#trying: [89, 90, 87, 8, 12, 11]
717	1       166981671
#trying: [11, 12, 87, 90, 8, 89]
718	1       169395004
#trying: [11, 90, 87, 12, 89, 8]
719	1       42915625
