#PROBLEM: aim-100-1_6-no-2 & longest chain length: 13 & average chain length: 3.2727 & median chain length: 4 & varNum: ('100', & clauseNum: '160') & chains: 33 & timeout: 300s 
#original chain with index 66: [56, 53, 180, 163, 164, 181, 177, 168, 176, 173, 175, 169, 54] 
#trying: [168, 176, 53, 164, 177, 169, 173, 175, 54, 163, 181, 180, 56]
0	Timeout 
#trying: [169, 180, 164, 177, 54, 173, 181, 168, 176, 175, 53, 56, 163]
1	Timeout 
#trying: [177, 169, 175, 176, 180, 173, 54, 56, 163, 164, 181, 53, 168]
2	Timeout 
#trying: [176, 163, 53, 173, 169, 181, 168, 56, 164, 175, 180, 54, 177]
3	Timeout 
#trying: [177, 181, 175, 176, 173, 180, 168, 169, 56, 163, 53, 164, 54]
4	Timeout 
#trying: [177, 53, 56, 181, 176, 169, 164, 173, 54, 175, 163, 168, 180]
5	1       257817731073
#trying: [163, 168, 53, 56, 180, 177, 173, 164, 176, 54, 181, 169, 175]
6	Timeout 
#trying: [180, 54, 181, 177, 168, 173, 169, 53, 56, 175, 176, 164, 163]
7	Timeout 
#trying: [53, 181, 173, 176, 168, 169, 56, 54, 163, 177, 164, 175, 180]
8	Timeout 
#trying: [173, 56, 180, 53, 169, 176, 177, 168, 163, 54, 164, 175, 181]
9	Timeout 
#trying: [181, 164, 53, 56, 180, 177, 163, 54, 169, 168, 173, 176, 175]
10	Timeout 
#trying: [54, 169, 177, 163, 53, 175, 180, 164, 56, 168, 181, 176, 173]
11	Timeout 
#trying: [176, 56, 177, 53, 173, 175, 54, 168, 164, 163, 169, 180, 181]
12	Timeout 
#trying: [180, 173, 54, 181, 176, 164, 56, 53, 168, 169, 163, 175, 177]
13	Timeout 
#trying: [56, 168, 176, 164, 169, 54, 163, 177, 181, 173, 180, 53, 175]
14	Timeout 
#trying: [168, 53, 181, 56, 164, 173, 175, 180, 163, 54, 177, 169, 176]
15	Timeout 
#trying: [168, 176, 175, 177, 169, 180, 164, 173, 54, 163, 56, 181, 53]
16	Timeout 
#trying: [173, 180, 54, 168, 163, 169, 56, 175, 53, 181, 164, 176, 177]
17	Timeout 
#trying: [173, 164, 169, 176, 177, 175, 180, 54, 56, 168, 163, 181, 53]
18	Timeout 
#trying: [177, 53, 168, 56, 180, 169, 181, 175, 54, 163, 173, 176, 164]
19	Timeout 
#trying: [53, 177, 168, 180, 181, 164, 175, 56, 169, 54, 173, 176, 163]
20	Timeout 
#trying: [164, 180, 181, 176, 175, 54, 169, 168, 56, 163, 53, 177, 173]
21	Timeout 
#trying: [168, 180, 164, 175, 181, 176, 56, 173, 169, 177, 54, 53, 163]
#original chain with index 66: [56, 53, 180, 163, 164, 181, 177, 168, 176, 173, 175, 169, 54]  
#trying: [176, 164, 163, 181, 180, 54, 53, 56, 169, 173, 177, 175, 168]
0	Timeout 
#trying: [56, 53, 54, 164, 163, 168, 173, 169, 176, 180, 177, 181, 175]
1	Timeout 
#trying: [181, 54, 163, 164, 56, 168, 180, 169, 176, 177, 175, 173, 53]
2	Timeout 
#trying: [175, 163, 54, 53, 176, 164, 168, 169, 177, 180, 181, 173, 56]
3	Timeout 
#trying: [180, 175, 164, 163, 54, 177, 169, 181, 56, 176, 173, 53, 168]
4	Timeout 
#trying: [168, 180, 176, 175, 53, 169, 56, 173, 163, 54, 164, 177, 181]
5	Timeout 
#trying: [177, 56, 164, 175, 180, 181, 53, 173, 168, 176, 169, 54, 163]
6	Timeout 
#trying: [181, 177, 163, 173, 56, 54, 169, 180, 176, 164, 168, 53, 175]
7	Timeout 
#trying: [175, 180, 163, 168, 177, 53, 169, 181, 56, 164, 176, 54, 173]
8	Timeout 
#trying: [177, 169, 168, 175, 176, 53, 163, 54, 180, 181, 173, 164, 56]
9	Timeout 
#trying: [168, 176, 54, 163, 177, 169, 53, 180, 181, 56, 164, 173, 175]
10	Timeout 
#trying: [54, 181, 175, 169, 180, 56, 168, 53, 173, 164, 163, 177, 176]
11	Timeout 
#trying: [56, 169, 163, 173, 53, 175, 181, 168, 176, 54, 180, 164, 177]
12	Timeout 
#trying: [173, 163, 176, 53, 175, 177, 168, 169, 56, 54, 180, 164, 181]
13	Timeout 
#trying: [177, 54, 168, 56, 169, 176, 175, 173, 53, 164, 181, 163, 180]
14	Timeout 
#trying: [56, 177, 181, 173, 164, 175, 163, 176, 53, 169, 54, 180, 168]
15	1       31437453571
#trying: [168, 169, 163, 56, 181, 175, 54, 176, 164, 180, 177, 173, 53]
16	Timeout 
#trying: [180, 181, 169, 54, 53, 163, 164, 176, 173, 177, 168, 175, 56]
17	Timeout 
#trying: [163, 56, 181, 177, 169, 164, 53, 168, 173, 54, 180, 176, 175]
18	Timeout 
#trying: [173, 163, 176, 168, 180, 54, 169, 164, 56, 53, 177, 181, 175]
19	Timeout 
#trying: [176, 169, 181, 56, 175, 180, 163, 173, 177, 54, 168, 164, 53]
20	Timeout 
#trying: [56, 163, 176, 54, 168, 53, 164, 177, 173, 169, 175, 180, 181]
21	Timeout 
#trying: [173, 176, 56, 180, 164, 54, 181, 169, 175, 163, 53, 168, 177]
22	Timeout 
#trying: [168, 175, 173, 164, 53, 56, 180, 163, 177, 54, 176, 181, 169]
23	Timeout 
#trying: [53, 54, 177, 176, 175, 180, 164, 173, 181, 169, 168, 56, 163]
24	Timeout 
#trying: [169, 175, 54, 173, 181, 164, 163, 168, 56, 53, 180, 177, 176]
25	Timeout 
#trying: [177, 163, 164, 168, 181, 54, 176, 56, 180, 175, 173, 169, 53]
26	1       18354664587
#trying: [168, 176, 169, 177, 53, 173, 181, 175, 56, 180, 164, 163, 54]
27	Timeout 
#trying: [54, 177, 176, 181, 168, 175, 173, 164, 169, 56, 53, 180, 163]
28	Timeout 
#trying: [54, 169, 180, 175, 176, 173, 163, 164, 56, 177, 53, 168, 181]
29	Timeout 
#trying: [181, 169, 176, 173, 168, 180, 163, 56, 177, 175, 54, 164, 53]
30	Timeout 
#trying: [176, 54, 169, 173, 56, 168, 175, 181, 53, 164, 177, 163, 180]
31	Timeout 
#trying: [53, 176, 56, 163, 180, 54, 177, 168, 181, 169, 175, 173, 164]
32	Timeout 
#trying: [169, 181, 56, 53, 54, 175, 176, 177, 164, 180, 168, 163, 173]
33	Timeout 
#trying: [163, 175, 169, 168, 164, 53, 181, 180, 54, 173, 176, 177, 56]
34	Timeout 
#trying: [56, 169, 164, 175, 168, 53, 54, 176, 180, 163, 177, 173, 181]
35	Timeout 
#trying: [177, 56, 176, 181, 173, 54, 169, 53, 175, 180, 163, 164, 168]
36	Timeout 
#trying: [164, 180, 175, 168, 176, 181, 53, 54, 169, 56, 173, 177, 163]
37	Timeout 
#trying: [53, 169, 54, 176, 173, 164, 163, 56, 177, 175, 181, 168, 180]
38	Timeout 
#trying: [56, 181, 169, 53, 173, 168, 176, 54, 164, 163, 175, 177, 180]
39	Timeout 
#trying: [180, 173, 177, 181, 176, 164, 175, 169, 163, 54, 56, 168, 53]
40	Timeout 
#trying: [53, 181, 176, 163, 175, 169, 177, 180, 56, 164, 54, 168, 173]
41	Timeout 
#trying: [53, 176, 56, 164, 168, 180, 169, 163, 177, 175, 173, 54, 181]
42	Timeout 
#trying: [180, 164, 173, 163, 177, 54, 175, 168, 181, 169, 53, 176, 56]
43	Timeout 
#trying: [173, 177, 176, 180, 53, 163, 169, 54, 164, 181, 168, 175, 56]
44	Timeout 
#trying: [180, 176, 163, 53, 181, 56, 169, 175, 177, 164, 168, 54, 173]
45	Timeout 
#trying: [163, 164, 173, 54, 53, 56, 177, 181, 176, 169, 180, 168, 175]
46	Timeout 
#trying: [163, 181, 177, 180, 168, 175, 164, 54, 169, 56, 176, 53, 173]
47	Timeout 
#trying: [53, 164, 168, 54, 181, 163, 175, 176, 173, 169, 56, 180, 177]
48	Timeout 
#trying: [177, 54, 168, 176, 169, 181, 53, 173, 164, 56, 163, 180, 175]
49	Timeout 
#trying: [168, 175, 176, 169, 53, 56, 177, 163, 173, 164, 180, 54, 181]
50	Timeout 
#trying: [163, 56, 54, 169, 173, 177, 168, 180, 181, 164, 176, 53, 175]
51	Timeout 
#trying: [164, 53, 163, 56, 168, 177, 176, 175, 54, 181, 180, 169, 173]
52	Timeout 
#trying: [173, 53, 180, 181, 54, 177, 163, 168, 176, 56, 169, 164, 175]
53	Timeout 
#trying: [56, 54, 181, 173, 168, 169, 163, 176, 175, 177, 180, 53, 164]
54	Timeout 
#trying: [176, 53, 54, 169, 56, 163, 173, 181, 177, 164, 180, 168, 175]
55	Timeout 
#trying: [175, 180, 56, 163, 168, 54, 177, 176, 181, 164, 173, 53, 169]
56	Timeout 
#trying: [177, 173, 169, 168, 175, 56, 54, 164, 176, 53, 181, 163, 180]
57	Timeout 
#trying: [163, 169, 175, 53, 56, 54, 173, 168, 180, 164, 181, 177, 176]
58	Timeout 
#trying: [177, 175, 164, 163, 176, 53, 56, 168, 169, 180, 181, 54, 173]
59	Timeout 
#trying: [164, 173, 53, 168, 169, 180, 177, 163, 181, 56, 176, 175, 54]
60	Timeout 
#trying: [54, 164, 163, 168, 169, 180, 173, 177, 175, 56, 53, 176, 181]
61	Timeout 
#trying: [176, 175, 173, 164, 163, 169, 56, 54, 177, 168, 180, 181, 53]
62	Timeout 
#trying: [168, 56, 163, 173, 169, 181, 177, 176, 175, 53, 164, 180, 54]
63	Timeout 
#trying: [164, 180, 175, 53, 177, 173, 168, 169, 54, 163, 181, 176, 56]
64	Timeout 
#trying: [56, 53, 168, 181, 173, 177, 54, 175, 176, 164, 163, 169, 180]
65	Timeout 
#trying: [56, 176, 163, 175, 181, 53, 54, 180, 169, 168, 164, 177, 173]
66	Timeout 
#trying: [54, 169, 168, 56, 164, 173, 175, 180, 177, 53, 181, 163, 176]
67	Timeout 
#trying: [173, 180, 181, 163, 169, 56, 168, 176, 164, 177, 54, 53, 175]
68	Timeout 
#trying: [175, 54, 169, 168, 56, 180, 53, 177, 173, 181, 163, 164, 176]
69	Timeout 
#trying: [181, 180, 54, 176, 175, 53, 163, 169, 56, 164, 177, 168, 173]
70	Timeout 
#trying: [175, 181, 164, 163, 177, 176, 180, 56, 168, 53, 173, 169, 54]
71	Timeout 
#trying: [175, 177, 168, 56, 169, 54, 164, 163, 180, 176, 173, 181, 53]
72	Timeout 
#trying: [173, 56, 181, 176, 54, 168, 163, 177, 180, 53, 169, 175, 164]
73	Timeout 
#trying: [177, 175, 173, 168, 176, 54, 169, 164, 53, 180, 181, 163, 56]
74	Timeout 
#trying: [177, 163, 181, 180, 54, 168, 173, 164, 53, 175, 56, 176, 169]
75	1       18209899669
#trying: [181, 177, 169, 53, 164, 180, 173, 163, 56, 54, 168, 175, 176]
76	Timeout 
#trying: [175, 176, 53, 173, 169, 181, 163, 168, 180, 54, 56, 164, 177]
77	Timeout 
#trying: [54, 176, 169, 163, 53, 181, 180, 175, 168, 164, 177, 173, 56]
78	Timeout 
#trying: [169, 168, 176, 177, 181, 53, 56, 175, 180, 173, 163, 54, 164]
79	Timeout 
#trying: [169, 176, 181, 54, 180, 53, 173, 164, 56, 177, 163, 168, 175]
80	Timeout 
#trying: [164, 56, 176, 53, 177, 163, 169, 168, 181, 173, 175, 180, 54]
81	Timeout 
#trying: [181, 176, 175, 177, 180, 53, 56, 164, 163, 54, 168, 169, 173]
82	Timeout 
#trying: [54, 56, 175, 173, 53, 180, 177, 163, 168, 164, 181, 176, 169]
83	Timeout 
#trying: [169, 175, 176, 54, 53, 177, 181, 163, 173, 164, 56, 168, 180]
84	Timeout 
#trying: [176, 175, 163, 54, 56, 181, 53, 168, 177, 173, 169, 180, 164]
85	Timeout 
#trying: [54, 173, 177, 176, 175, 169, 168, 164, 163, 56, 181, 53, 180]
86	Timeout 
#trying: [173, 53, 163, 54, 164, 169, 180, 56, 177, 176, 168, 175, 181]
87	Timeout 
#trying: [169, 177, 54, 53, 173, 56, 176, 175, 181, 164, 163, 180, 168]
88	Timeout 
#trying: [176, 53, 169, 56, 175, 177, 180, 181, 168, 173, 163, 54, 164]
89	Timeout 
#trying: [181, 54, 53, 180, 169, 164, 56, 176, 163, 177, 173, 175, 168]
90	Timeout 
#trying: [177, 163, 168, 56, 169, 180, 181, 164, 175, 176, 53, 54, 173]
91	Timeout 
#trying: [180, 54, 168, 53, 181, 163, 173, 164, 56, 177, 176, 175, 169]
92	Timeout 
#trying: [169, 181, 176, 168, 54, 180, 173, 53, 163, 177, 56, 175, 164]
93	Timeout 
#trying: [181, 176, 169, 56, 53, 164, 177, 163, 180, 54, 168, 173, 175]
94	Timeout 
#trying: [180, 54, 53, 56, 169, 163, 177, 168, 173, 175, 176, 164, 181]
95	Timeout 
#trying: [173, 53, 175, 163, 169, 168, 54, 164, 177, 181, 176, 56, 180]
96	Timeout 
#trying: [56, 175, 53, 54, 169, 177, 163, 164, 181, 173, 176, 180, 168]
97	Timeout 
#trying: [168, 173, 176, 164, 163, 177, 181, 175, 56, 180, 169, 53, 54]
98	Timeout 
#trying: [176, 181, 168, 164, 56, 175, 53, 177, 180, 54, 169, 163, 173]
99	Timeout 
#trying: [53, 163, 54, 169, 173, 177, 176, 168, 164, 180, 56, 181, 175]
100	Timeout 
#trying: [53, 175, 54, 176, 168, 164, 163, 56, 177, 181, 180, 173, 169]
101	Timeout 
#trying: [173, 53, 180, 176, 181, 168, 169, 175, 164, 163, 54, 177, 56]
102	Timeout 
#trying: [176, 169, 180, 173, 168, 181, 164, 54, 163, 53, 56, 175, 177]
103	Timeout 
#trying: [164, 53, 176, 56, 177, 180, 54, 163, 168, 169, 175, 173, 181]
104	Timeout 
#trying: [56, 168, 180, 54, 177, 173, 175, 181, 176, 163, 169, 53, 164]
105	Timeout 
#trying: [175, 163, 176, 173, 164, 53, 180, 56, 181, 54, 177, 168, 169]
106	Timeout 
#trying: [176, 169, 173, 163, 53, 56, 175, 177, 54, 181, 168, 164, 180]
107	Timeout 
#trying: [56, 168, 176, 181, 54, 163, 180, 173, 53, 169, 177, 164, 175]
108	Timeout 
#trying: [164, 177, 169, 180, 56, 175, 173, 53, 176, 163, 54, 181, 168]
109	Timeout 
#trying: [53, 163, 56, 175, 169, 164, 54, 176, 181, 168, 173, 180, 177]
110	Timeout 
#trying: [180, 164, 56, 53, 168, 163, 176, 175, 177, 173, 181, 169, 54]
111	Timeout 
#trying: [53, 173, 181, 177, 163, 180, 169, 56, 168, 175, 164, 176, 54]
112	Timeout 
#trying: [169, 164, 168, 53, 173, 163, 176, 181, 175, 180, 54, 56, 177]
113	Timeout 
#trying: [54, 56, 176, 169, 181, 163, 180, 175, 177, 164, 173, 53, 168]
114	Timeout 
#trying: [180, 169, 176, 164, 173, 163, 177, 175, 181, 54, 53, 168, 56]
115	