#PROBLEM: comp & longest chain length: 4 & average chain length: 2.6667 & median chain length: 2 & varNum: ('4', & clauseNum: '8') & chains: 9 & timeout: 30s 
#original chain with index 16: [3, 14, 15, 16] 
#trying: [3, 14, 15, 16]
0	1       35884409
#trying: [3, 14, 16, 15]
1	1       153260414
#trying: [3, 15, 14, 16]
2	1       158185649
#trying: [3, 15, 16, 14]
3	1       33351133
#trying: [3, 16, 14, 15]
4	1       34280348
#trying: [3, 16, 15, 14]
5	1       156582306
#trying: [14, 3, 15, 16]
6	1       161340525
#trying: [14, 3, 16, 15]
7	1       156968147
#trying: [14, 15, 3, 16]
8	1       43057368
#trying: [14, 15, 16, 3]
9	1       37853509
#trying: [14, 16, 3, 15]
10	1       40534939
#trying: [14, 16, 15, 3]
11	1       41197087
#trying: [15, 3, 14, 16]
12	1       159142156
#trying: [15, 3, 16, 14]
13	1       164666670
#trying: [15, 14, 3, 16]
14	1       153604509
#trying: [15, 14, 16, 3]
15	1       35995074
#trying: [15, 16, 3, 14]
16	1       37367962
#trying: [15, 16, 14, 3]
17	1       34148999
#trying: [16, 3, 14, 15]
18	1       160164902
#trying: [16, 3, 15, 14]
19	1       157073461
#trying: [16, 14, 3, 15]
20	1       159754137
#trying: [16, 14, 15, 3]
21	1       37582911
#trying: [16, 15, 3, 14]
22	1       34884462
#trying: [16, 15, 14, 3]
23	1       35017697

