#PROBLEM: factor19 & longest chain length: 30 & average chain length: 3.2078 & median chain length: 2 & varNum: 52 & clauseNum: 187 & chains: 77 & timeout: 20s 
#original chain with index 113: [122, 46, 44, 211, 191, 207, 37, 30, 206, 229, 225, 228, 52, 89, 97, 216, 196, 82, 213, 224, 146, 198, 136, 101, 94, 87, 114, 108, 54, 210] 
#PROBLEM: factor19 & longest chain length: 30 & average chain length: 3.2078 & median chain length: 2 & varNum: 52 & clauseNum: 187 & chains: 77 & timeout: 20s 
#original chain with index 113: [122, 46, 44, 211, 191, 207, 37, 30, 206, 229, 225, 228, 52, 89, 97, 216, 196, 82, 213, 224, 146, 198, 136, 101, 94, 87, 114, 108, 54, 210] 
#trying: [228, 210, 87, 206, 54, 224, 46, 196, 198, 94, 82, 101, 191, 207, 114, 229, 52, 225, 30, 37, 213, 97, 44, 108, 146, 211, 216, 122, 89, 136]
0	Timeout 
#trying: [114, 196, 52, 213, 46, 37, 224, 101, 30, 89, 198, 211, 206, 97, 191, 122, 207, 108, 94, 82, 225, 136, 228, 44, 146, 210, 229, 87, 216, 54]
1	Timeout 
#trying: [82, 196, 210, 97, 30, 191, 37, 87, 94, 207, 136, 228, 54, 122, 52, 46, 224, 213, 211, 198, 108, 89, 229, 114, 206, 101, 216, 44, 225, 146]
2	Timeout 
#trying: [87, 216, 228, 196, 207, 224, 122, 210, 213, 114, 82, 52, 146, 30, 94, 211, 225, 44, 97, 206, 89, 37, 101, 198, 54, 46, 136, 108, 229, 191]
3	Timeout 
#trying: [82, 108, 228, 54, 224, 30, 101, 229, 44, 210, 97, 225, 146, 196, 46, 198, 213, 211, 52, 87, 122, 89, 37, 136, 207, 94, 114, 206, 216, 191]
4	Timeout 
