#PROBLEM: madeup2 & longest chain length: 5 & average chain length: 3.3333 & median chain length: 3 & varNum: ('7', & clauseNum: '10') & chains: 3 & timeout: 30s 
#original chain with index 7: [2, 6, 10, 11, 12] 
#trying: [2, 6, 10, 11, 12]
0	1       165113839
#trying: [2, 6, 10, 12, 11]
1	1       162916472
#trying: [2, 6, 11, 10, 12]
2	1       35231680
#trying: [2, 6, 11, 12, 10]
3	1       36077666
#trying: [2, 6, 12, 10, 11]
4	1       38680097
#trying: [2, 6, 12, 11, 10]
5	1       37589084
#trying: [2, 10, 6, 11, 12]
6	1       153475005
#trying: [2, 10, 6, 12, 11]
7	1       158021407
#trying: [2, 10, 11, 6, 12]
8	1       157798575
#trying: [2, 10, 11, 12, 6]
9	1       36193071
#trying: [2, 10, 12, 6, 11]
10	1       37720556
#trying: [2, 10, 12, 11, 6]
11	1       36966635
#trying: [2, 11, 6, 10, 12]
12	1       161370583
#trying: [2, 11, 6, 12, 10]
13	1       164363202
#trying: [2, 11, 10, 6, 12]
14	1       165245728
#trying: [2, 11, 10, 12, 6]
15	1       166770330
#trying: [2, 11, 12, 6, 10]
16	1       180600830
#trying: [2, 11, 12, 10, 6]
17	1       167159833
#trying: [2, 12, 6, 10, 11]
18	1       154202797
#trying: [2, 12, 6, 11, 10]
19	1       161638206
#trying: [2, 12, 10, 6, 11]
20	1       163813769
#trying: [2, 12, 10, 11, 6]
21	1       168958301
#trying: [2, 12, 11, 6, 10]
22	1       165573831
#trying: [2, 12, 11, 10, 6]
23	1       167244616
#trying: [6, 2, 10, 11, 12]
24	1       34770139
#trying: [6, 2, 10, 12, 11]
25	1       38311162
#trying: [6, 2, 11, 10, 12]
26	1       46869872
#trying: [6, 2, 11, 12, 10]
27	1       42039897
#trying: [6, 2, 12, 10, 11]
28	1       34752804
#trying: [6, 2, 12, 11, 10]
29	1       167963857
#trying: [6, 10, 2, 11, 12]
30	1       160767272
#trying: [6, 10, 2, 12, 11]
31	1       159734773
#trying: [6, 10, 11, 2, 12]
32	1       167686013
#trying: [6, 10, 11, 12, 2]
33	1       37232182
#trying: [6, 10, 12, 2, 11]
34	1       36376461
#trying: [6, 10, 12, 11, 2]
35	1       40211455
#trying: [6, 11, 2, 10, 12]
36	1       38409589
#trying: [6, 11, 2, 12, 10]
37	1       161736291
#trying: [6, 11, 10, 2, 12]
38	1       163538485
#trying: [6, 11, 10, 12, 2]
39	1       168084634
#trying: [6, 11, 12, 2, 10]
40	1       164481191
#trying: [6, 11, 12, 10, 2]
41	1       167365674
#trying: [6, 12, 2, 10, 11]
42	1       159821240
#trying: [6, 12, 2, 11, 10]
43	1       163046713
#trying: [6, 12, 10, 2, 11]
44	1       48541836
#trying: [6, 12, 10, 11, 2]
45	1       38961380
#trying: [6, 12, 11, 2, 10]
46	1       43762950
#trying: [6, 12, 11, 10, 2]
47	1       38469591
#trying: [10, 2, 6, 11, 12]
48	1       161780798
#trying: [10, 2, 6, 12, 11]
49	1       162166236
#trying: [10, 2, 11, 6, 12]
50	1       167982625
#trying: [10, 2, 11, 12, 6]
51	1       157366593
#trying: [10, 2, 12, 6, 11]
52	1       169516472
#trying: [10, 2, 12, 11, 6]
53	1       164569631
#trying: [10, 6, 2, 11, 12]
54	1       159451060
#trying: [10, 6, 2, 12, 11]
55	1       35614000
#trying: [10, 6, 11, 2, 12]
56	1       37418131
#trying: [10, 6, 11, 12, 2]
57	1       40649733
#trying: [10, 6, 12, 2, 11]
58	1       51025445
#trying: [10, 6, 12, 11, 2]
59	1       42616988
#trying: [10, 11, 2, 6, 12]
60	1       165156566
#trying: [10, 11, 2, 12, 6]
61	1       159567086
#trying: [10, 11, 6, 2, 12]
62	1       155984416
#trying: [10, 11, 6, 12, 2]
63	1       37156354
#trying: [10, 11, 12, 2, 6]
64	1       37258759
#trying: [10, 11, 12, 6, 2]
65	1       41158358
#trying: [10, 12, 2, 6, 11]
66	1       160104915
#trying: [10, 12, 2, 11, 6]
67	1       156419189
#trying: [10, 12, 6, 2, 11]
68	1       158863300
#trying: [10, 12, 6, 11, 2]
69	1       34428941
#trying: [10, 12, 11, 2, 6]
70	1       39622201
#trying: [10, 12, 11, 6, 2]
71	1       35565448
#trying: [11, 2, 6, 10, 12]
72	1       161103276
#trying: [11, 2, 6, 12, 10]
73	1       159655332
#trying: [11, 2, 10, 6, 12]
74	1       38089271
#trying: [11, 2, 10, 12, 6]
75	1       33241187
#trying: [11, 2, 12, 6, 10]
76	1       38453835
#trying: [11, 2, 12, 10, 6]
77	1       155401571
#trying: [11, 6, 2, 10, 12]
78	1       162801740
#trying: [11, 6, 2, 12, 10]
79	1       35924643
#trying: [11, 6, 10, 2, 12]
80	1       36044099
#trying: [11, 6, 10, 12, 2]
81	1       34857778
#trying: [11, 6, 12, 2, 10]
82	1       162869910
#trying: [11, 6, 12, 10, 2]
83	1       159241992
#trying: [11, 10, 2, 6, 12]
84	1       162571869
#trying: [11, 10, 2, 12, 6]
85	1       35844332
#trying: [11, 10, 6, 2, 12]
86	1       36459804
#trying: [11, 10, 6, 12, 2]
87	1       34215627
#trying: [11, 10, 12, 2, 6]
88	1       156058837
#trying: [11, 10, 12, 6, 2]
89	1       157903853
#trying: [11, 12, 2, 6, 10]
90	1       36925223
#trying: [11, 12, 2, 10, 6]
91	1       39497116
#trying: [11, 12, 6, 2, 10]
92	1       36877883
#trying: [11, 12, 6, 10, 2]
93	1       162877344
#trying: [11, 12, 10, 2, 6]
94	1       158924570
#trying: [11, 12, 10, 6, 2]
95	1       157500387
#trying: [12, 2, 6, 10, 11]
96	1       34935234
#trying: [12, 2, 6, 11, 10]
97	1       36615970
#trying: [12, 2, 10, 6, 11]
98	1       34725970
#trying: [12, 2, 10, 11, 6]
99	1       156243703
#trying: [12, 2, 11, 6, 10]
100	1       159064383
#trying: [12, 2, 11, 10, 6]
101	1       35880763
#trying: [12, 6, 2, 10, 11]
102	1       33530990
#trying: [12, 6, 2, 11, 10]
103	1       33010145
#trying: [12, 6, 10, 2, 11]
104	1       156960927
#trying: [12, 6, 10, 11, 2]
105	1       157768525
#trying: [12, 6, 11, 2, 10]
106	1       39381744
#trying: [12, 6, 11, 10, 2]
107	1       35286029
#trying: [12, 10, 2, 6, 11]
108	1       38855168
#trying: [12, 10, 2, 11, 6]
109	1       160615861
#trying: [12, 10, 6, 2, 11]
110	1       158232935
#trying: [12, 10, 6, 11, 2]
111	1       164704167
#trying: [12, 10, 11, 2, 6]
112	1       154953914
#trying: [12, 10, 11, 6, 2]
113	1       32453292
#trying: [12, 11, 2, 6, 10]
114	1       42467921
#trying: [12, 11, 2, 10, 6]
115	1       155394786
#trying: [12, 11, 6, 2, 10]
116	1       159171729
#trying: [12, 11, 6, 10, 2]
117	1       156693391
#trying: [12, 11, 10, 2, 6]
118	1       32541537
#trying: [12, 11, 10, 6, 2]
119	1       34778780
