#PROBLEM: randKsat2 & longest chain length: 4 & average chain length: 3.0 & median chain length: 3.0 & varNum: ('9', & clauseNum: '26') & chains: 2 & timeout: 30s 
#original chain with index 6: [17, 27, 25, 26] 
#trying: [17, 25, 26, 27]
0	1       39810211
#trying: [17, 25, 27, 26]
1	1       36163685
#trying: [17, 26, 25, 27]
2	1       158666624
#trying: [17, 26, 27, 25]
3	1       159950831
#trying: [17, 27, 25, 26]
4	1       169908999
#trying: [17, 27, 26, 25]
5	1       157847149
#trying: [25, 17, 26, 27]
6	1       37340130
#trying: [25, 17, 27, 26]
7	1       37433725
#trying: [25, 26, 17, 27]
8	1       41533003
#trying: [25, 26, 27, 17]
9	1       156484134
#trying: [25, 27, 17, 26]
10	1       164476853
#trying: [25, 27, 26, 17]
11	1       162548810
#trying: [26, 17, 25, 27]
12	1       35719199
#trying: [26, 17, 27, 25]
13	1       50741596
#trying: [26, 25, 17, 27]
14	1       37065338
#trying: [26, 25, 27, 17]
15	1       36134459
#trying: [26, 27, 17, 25]
16	1       162317410
#trying: [26, 27, 25, 17]
17	1       166823955
#trying: [27, 17, 25, 26]
18	1       166208575
#trying: [27, 17, 26, 25]
19	1       156644167
#trying: [27, 25, 17, 26]
20	1       160835330
#trying: [27, 25, 26, 17]
21	1       159397511
#trying: [27, 26, 17, 25]
22	1       39743874
#trying: [27, 26, 25, 17]
23	1       35254551
