#PROBLEM: rksat4 & longest chain length: 5 & average chain length: 3.2857 & median chain length: 3 & varNum: 6 & clauseNum: 33 & chains: 7 & timeout: 40s 
#original chain with index 11: [21, 31, 32, 34, 6] 
#trying: [21, 32, 6, 31, 34]
0	1       51422710
#trying: [34, 21, 31, 32, 6]
1	1       180831140
#trying: [6, 34, 32, 21, 31]
2	1       162484627
#trying: [32, 6, 21, 34, 31]
3	1       177621618
#trying: [32, 34, 6, 21, 31]
4	1       162258578
#trying: [31, 32, 6, 21, 34]
5	1       170698899
#trying: [21, 32, 6, 34, 31]
6	1       168863334
#trying: [6, 31, 32, 34, 21]
7	1       170364906
#trying: [32, 34, 21, 6, 31]
8	1       178162810
#trying: [31, 32, 6, 34, 21]
9	1       169652545
#trying: [21, 6, 34, 31, 32]
10	1       167902167
#trying: [34, 21, 32, 31, 6]
11	1       171788368
#trying: [21, 31, 34, 32, 6]
12	1       46480111
#trying: [34, 32, 31, 21, 6]
13	1       43717959
#trying: [21, 34, 31, 6, 32]
14	1       54411257
#trying: [6, 21, 31, 34, 32]
15	1       40958013
#trying: [34, 6, 31, 21, 32]
16	1       40013397
#trying: [34, 32, 21, 31, 6]
17	1       169915778
#trying: [6, 31, 34, 32, 21]
18	1       161369085
#trying: [34, 31, 6, 21, 32]
19	1       168139291
#trying: [32, 6, 34, 31, 21]
20	1       165332961
#trying: [32, 34, 21, 31, 6]
21	1       170597368
#trying: [21, 31, 6, 34, 32]
22	1       166577564
#trying: [6, 21, 34, 31, 32]
23	1       169088156
#trying: [31, 21, 6, 34, 32]
24	1       164619133
#trying: [32, 21, 31, 34, 6]
25	1       164508508
#trying: [6, 32, 34, 31, 21]
26	1       163143572
#trying: [34, 21, 6, 32, 31]
27	1       163302839
#trying: [32, 31, 21, 34, 6]
28	1       41093733
#trying: [32, 6, 31, 21, 34]
29	1       49044347
#trying: [31, 6, 32, 21, 34]
30	1       50536834
#trying: [31, 34, 6, 21, 32]
31	1       174830952
#trying: [21, 32, 31, 6, 34]
32	1       174565013
#trying: [31, 6, 21, 32, 34]
33	1       169518929
#trying: [21, 31, 32, 34, 6]
34	1       167999872
#trying: [32, 6, 34, 21, 31]
35	1       164400747
#trying: [31, 34, 21, 6, 32]
36	1       37042806
#trying: [34, 31, 32, 21, 6]
37	1       35999253
#trying: [21, 6, 32, 31, 34]
38	1       49186082
#trying: [32, 31, 21, 6, 34]
39	1       46405079
#trying: [6, 32, 21, 31, 34]
40	1       56986377
#trying: [32, 21, 34, 6, 31]
41	1       39112903
#trying: [6, 34, 21, 32, 31]
42	1       169545461
#trying: [32, 34, 6, 31, 21]
43	1       164983305
#trying: [32, 34, 31, 6, 21]
44	1       39889811
#trying: [32, 21, 6, 31, 34]
45	1       177185749
#trying: [6, 34, 31, 32, 21]
46	1       39259725
#trying: [21, 34, 31, 32, 6]
47	1       43758809
#trying: [21, 34, 6, 32, 31]
48	1       50001948
#trying: [21, 31, 32, 6, 34]
49	1       37810497
#trying: [6, 21, 32, 34, 31]
50	1       46403467
#trying: [34, 32, 6, 31, 21]
51	1       36845214
#trying: [31, 32, 21, 6, 34]
52	1       41011856
#trying: [34, 6, 21, 31, 32]
53	1       42883055
#trying: [31, 21, 6, 32, 34]
54	1       53494016
#trying: [6, 31, 34, 21, 32]
55	1       53319668
#trying: [31, 21, 34, 32, 6]
56	1       42676036
#trying: [21, 6, 31, 32, 34]
57	1       46093171
#trying: [21, 34, 32, 6, 31]
58	1       48638363
#trying: [34, 31, 32, 6, 21]
59	1       49513154
#trying: [6, 34, 32, 31, 21]
60	1       47276601
#trying: [31, 32, 21, 34, 6]
61	1       45010965
#trying: [34, 21, 6, 31, 32]
62	1       44011817
#trying: [21, 32, 34, 31, 6]
63	1       38326985
#trying: [34, 6, 31, 32, 21]
64	1       52820863
#trying: [21, 32, 31, 34, 6]
65	1       38568300
#trying: [32, 21, 6, 34, 31]
66	1       41387606
#trying: [21, 6, 31, 34, 32]
67	1       35824214
#trying: [31, 6, 34, 32, 21]
68	1       164024138
#trying: [6, 31, 32, 21, 34]
69	1       163482001
#trying: [34, 6, 32, 31, 21]
70	1       167483380
#trying: [31, 21, 32, 6, 34]
71	1       170945139
#trying: [21, 32, 34, 6, 31]
72	1       168451971
#trying: [34, 32, 21, 6, 31]
73	1       162071473
#trying: [32, 31, 6, 21, 34]
74	1       169816768
#trying: [6, 31, 21, 32, 34]
75	1       165739177
#trying: [34, 31, 6, 32, 21]
76	1       161909181
#trying: [21, 6, 34, 32, 31]
77	1       159947069
#trying: [32, 21, 34, 31, 6]
78	1       168568967
#trying: [31, 6, 21, 34, 32]
79	1       163277605
#trying: [31, 34, 21, 32, 6]
80	1       172617248
#trying: [21, 6, 32, 34, 31]
81	1       162017706
#trying: [31, 21, 34, 6, 32]
82	1       38177802
#trying: [31, 21, 32, 34, 6]
83	1       176254558
#trying: [6, 21, 32, 31, 34]
84	1       167581766
#trying: [6, 31, 21, 34, 32]
85	1       167029516
#trying: [31, 32, 34, 21, 6]
86	1       177867792
#trying: [31, 34, 6, 32, 21]
87	1       170090189
#trying: [31, 34, 32, 6, 21]
88	1       167972708
#trying: [34, 21, 31, 6, 32]
89	1       161463355
#trying: [21, 31, 34, 6, 32]
90	1       157880735
#trying: [34, 31, 21, 6, 32]
91	1       165549085
#trying: [6, 32, 31, 21, 34]
92	1       38890272
#trying: [21, 31, 6, 32, 34]
93	1       42893155
#trying: [6, 32, 31, 34, 21]
94	1       53003715
#trying: [6, 21, 31, 32, 34]
95	1       172402901
#trying: [6, 32, 21, 34, 31]
96	1       37638625
#trying: [31, 6, 32, 34, 21]
97	1       39696041
#trying: [32, 31, 6, 34, 21]
98	1       57379822
#trying: [6, 32, 34, 21, 31]
99	1       178389999
#trying: [34, 6, 21, 32, 31]
100	1       166728292
#trying: [31, 6, 34, 21, 32]
101	1       164396225
#trying: [34, 31, 21, 32, 6]
102	1       36099653
#trying: [32, 6, 21, 31, 34]
103	1       39959164
#trying: [32, 21, 31, 6, 34]
104	1       42686327
#trying: [34, 6, 32, 21, 31]
105	1       37417504
#trying: [6, 34, 21, 31, 32]
106	1       45395986
#trying: [6, 21, 34, 32, 31]
107	1       38870133
#trying: [6, 34, 31, 21, 32]
108	1       40347463
#trying: [34, 32, 31, 6, 21]
109	1       51180049
#trying: [32, 31, 34, 6, 21]
110	1       36561489
#trying: [32, 34, 31, 21, 6]
111	1       162133795
#trying: [34, 32, 6, 21, 31]
112	1       162660008
#trying: [32, 6, 31, 34, 21]
113	1       168675545
#trying: [31, 34, 32, 21, 6]
114	1       167753597
#trying: [31, 32, 34, 6, 21]
115	1       171295931
#trying: [21, 34, 6, 31, 32]
116	1       161306652
#trying: [34, 21, 32, 6, 31]
117	1       163200967
#trying: [32, 31, 34, 21, 6]
118	1       47271857
#trying: [21, 34, 32, 31, 6]
119	1       38427760
