#PROBLEM: rksat9 & longest chain length: 4 & average chain length: 2.5455 & median chain length: 2 & varNum: 8 & clauseNum: 74 & chains: 11 & timeout: 40s 
#original chain with index 22: [74, 97, 95, 99] 
#trying: [99, 74, 95, 97]
0	1       73937073
#trying: [97, 74, 99, 95]
1	1       59577743
#trying: [74, 97, 95, 99]
2	1       61173867
#trying: [99, 97, 95, 74]
3	1       50225327
#trying: [74, 99, 97, 95]
4	1       58994072
#trying: [74, 99, 95, 97]
5	1       65170953
#trying: [97, 95, 99, 74]
6	1       72385179
#trying: [74, 97, 99, 95]
7	1       64792281
#trying: [97, 74, 95, 99]
8	1       53792202
#trying: [99, 74, 97, 95]
9	1       85951825
#trying: [95, 97, 74, 99]
10	1       59338827
#trying: [97, 95, 74, 99]
11	1       73117989
#trying: [95, 74, 97, 99]
12	1       47620569
#trying: [95, 99, 74, 97]
13	1       70406006
#trying: [95, 97, 99, 74]
14	1       63619355
#trying: [99, 97, 74, 95]
15	1       54555603
#trying: [95, 74, 99, 97]
16	1       100974237
#trying: [97, 99, 95, 74]
17	1       191577493
#trying: [99, 95, 97, 74]
18	1       118936114
#trying: [74, 95, 99, 97]
19	1       128641632
#trying: [97, 99, 74, 95]
20	1       87614845
#trying: [99, 95, 74, 97]
21	1       46919686
#trying: [74, 95, 97, 99]
22	1       68794872
#trying: [95, 99, 97, 74]
23	1       80044163
