#PROBLEM: rksat12 & longest chain length: 6 & average chain length: 3.0 & median chain length: 2 & varNum: ('11', & clauseNum: '99') & chains: 11 & timeout: 30s 
#original chain with index 18: [24, 81, 12, 100, 15, 11] 
#trying: [11, 12, 15, 24, 81, 100]
0	1       184598010
#trying: [11, 12, 15, 24, 100, 81]
1	1       185716527
#trying: [11, 12, 15, 81, 24, 100]
2	1       56731285
#trying: [11, 12, 15, 81, 100, 24]
3	1       176230635
#trying: [11, 12, 15, 100, 24, 81]
4	1       123923718
#trying: [11, 12, 15, 100, 81, 24]
5	1       177417220
#trying: [11, 12, 24, 15, 81, 100]
6	1       68290427
#trying: [11, 12, 24, 15, 100, 81]
7	1       56948703
#trying: [11, 12, 24, 81, 15, 100]
8	1       162631160
#trying: [11, 12, 24, 81, 100, 15]
9	1       189573733
#trying: [11, 12, 24, 100, 15, 81]
10	1       102894104
#trying: [11, 12, 24, 100, 81, 15]
11	1       185083408
#trying: [11, 12, 81, 15, 24, 100]
12	1       176847898
#trying: [11, 12, 81, 15, 100, 24]
13	1       177590981
#trying: [11, 12, 81, 24, 15, 100]
14	1       71376612
#trying: [11, 12, 81, 24, 100, 15]
15	1       68567309
#trying: [11, 12, 81, 100, 15, 24]
16	1       179245354
#trying: [11, 12, 81, 100, 24, 15]
17	1       178986521
#trying: [11, 12, 100, 15, 24, 81]
18	1       177391391
#trying: [11, 12, 100, 15, 81, 24]
19	1       183419452
#trying: [11, 12, 100, 24, 15, 81]
20	1       173311222
#trying: [11, 12, 100, 24, 81, 15]
21	1       160283032
#trying: [11, 12, 100, 81, 15, 24]
22	1       72716872
#trying: [11, 12, 100, 81, 24, 15]
23	1       177063251
#trying: [11, 15, 12, 24, 81, 100]
24	1       170969110
#trying: [11, 15, 12, 24, 100, 81]
25	1       182192495
#trying: [11, 15, 12, 81, 24, 100]
26	1       68656008
#trying: [11, 15, 12, 81, 100, 24]
27	1       160241815
#trying: [11, 15, 12, 100, 24, 81]
28	1       200901109
#trying: [11, 15, 12, 100, 81, 24]
29	1       117438337
#trying: [11, 15, 24, 12, 81, 100]
30	1       64231592
#trying: [11, 15, 24, 12, 100, 81]
31	1       201453517
#trying: [11, 15, 24, 81, 12, 100]
32	1       167137475
#trying: [11, 15, 24, 81, 100, 12]
33	1       78491272
#trying: [11, 15, 24, 100, 12, 81]
34	1       174031672
#trying: [11, 15, 24, 100, 81, 12]
35	1       174631273
#trying: [11, 15, 81, 12, 24, 100]
36	1       173592499
#trying: [11, 15, 81, 12, 100, 24]
37	1       64652194
#trying: [11, 15, 81, 24, 12, 100]
38	1       85353800
#trying: [11, 15, 81, 24, 100, 12]
39	1       172120363
#trying: [11, 15, 81, 100, 12, 24]
40	1       170290363
#trying: [11, 15, 81, 100, 24, 12]
41	1       167479274
#trying: [11, 15, 100, 12, 24, 81]
42	1       173439017
#trying: [11, 15, 100, 12, 81, 24]
43	1       64803591
#trying: [11, 15, 100, 24, 12, 81]
44	1       58901093
#trying: [11, 15, 100, 24, 81, 12]
45	1       178345743
#trying: [11, 15, 100, 81, 12, 24]
46	1       169266476
#trying: [11, 15, 100, 81, 24, 12]
47	1       178087529
#trying: [11, 24, 12, 15, 81, 100]
48	1       176346149
#trying: [11, 24, 12, 15, 100, 81]
49	1       60978982
#trying: [11, 24, 12, 81, 15, 100]
50	1       59312890
#trying: [11, 24, 12, 81, 100, 15]
51	1       182577626
#trying: [11, 24, 12, 100, 15, 81]
52	1       175770406
#trying: [11, 24, 12, 100, 81, 15]
53	1       183047864
#trying: [11, 24, 15, 12, 81, 100]
54	1       60228280
#trying: [11, 24, 15, 12, 100, 81]
55	1       171651405
#trying: [11, 24, 15, 81, 12, 100]
56	1       162881383
#trying: [11, 24, 15, 81, 100, 12]
57	1       186035341
#trying: [11, 24, 15, 100, 12, 81]
58	1       61580340
#trying: [11, 24, 15, 100, 81, 12]
59	1       203407297
#trying: [11, 24, 81, 12, 15, 100]
60	1       113946246
#trying: [11, 24, 81, 12, 100, 15]
61	1       167574197
#trying: [11, 24, 81, 15, 12, 100]
62	1       66948091
#trying: [11, 24, 81, 15, 100, 12]
63	1       181162827
#trying: [11, 24, 81, 100, 12, 15]
64	1       174990061
#trying: [11, 24, 81, 100, 15, 12]
65	1       188672078
#trying: [11, 24, 100, 12, 15, 81]
66	1       59853423
#trying: [11, 24, 100, 12, 81, 15]
67	1       184894113
#trying: [11, 24, 100, 15, 12, 81]
68	1       182930334
#trying: [11, 24, 100, 15, 81, 12]
69	1       152997281
#trying: [11, 24, 100, 81, 12, 15]
70	1       176371155
#trying: [11, 24, 100, 81, 15, 12]
71	1       180797403
#trying: [11, 81, 12, 15, 24, 100]
72	1       175093603
#trying: [11, 81, 12, 15, 100, 24]
73	1       47707857
#trying: [11, 81, 12, 24, 15, 100]
74	1       45415827
#trying: [11, 81, 12, 24, 100, 15]
75	1       63415468
#trying: [11, 81, 12, 100, 15, 24]
76	1       44346456
#trying: [11, 81, 12, 100, 24, 15]
77	1       55128327
#trying: [11, 81, 15, 12, 24, 100]
78	1       184192370
#trying: [11, 81, 15, 12, 100, 24]
79	1       167430374
#trying: [11, 81, 15, 24, 12, 100]
80	1       167138909
#trying: [11, 81, 15, 24, 100, 12]
81	1       52214561
#trying: [11, 81, 15, 100, 12, 24]
82	1       61027941
#trying: [11, 81, 15, 100, 24, 12]
83	1       43440605
#trying: [11, 81, 24, 12, 15, 100]
84	1       53525949
#trying: [11, 81, 24, 12, 100, 15]
85	1       172770129
#trying: [11, 81, 24, 15, 12, 100]
86	1       175468881
#trying: [11, 81, 24, 15, 100, 12]
87	1       175303204
#trying: [11, 81, 24, 100, 12, 15]
88	1       180550362
#trying: [11, 81, 24, 100, 15, 12]
89	1       63886245
#trying: [11, 81, 100, 12, 15, 24]
90	1       48430104
#trying: [11, 81, 100, 12, 24, 15]
91	1       52651237
#trying: [11, 81, 100, 15, 12, 24]
92	1       50585676
#trying: [11, 81, 100, 15, 24, 12]
93	1       55816317
#trying: [11, 81, 100, 24, 12, 15]
94	1       175983816
#trying: [11, 81, 100, 24, 15, 12]
95	1       170327342
#trying: [11, 100, 12, 15, 24, 81]
96	1       166558488
#trying: [11, 100, 12, 15, 81, 24]
97	1       174579181
#trying: [11, 100, 12, 24, 15, 81]
98	1       179296644
#trying: [11, 100, 12, 24, 81, 15]
99	1       170588638
#trying: [11, 100, 12, 81, 15, 24]
100	1       177653557
#trying: [11, 100, 12, 81, 24, 15]
101	1       51570647
#trying: [11, 100, 15, 12, 24, 81]
102	1       51843982
#trying: [11, 100, 15, 12, 81, 24]
103	1       52629400
#trying: [11, 100, 15, 24, 12, 81]
104	1       54696843
#trying: [11, 100, 15, 24, 81, 12]
105	1       50396617
#trying: [11, 100, 15, 81, 12, 24]
106	1       189086323
#trying: [11, 100, 15, 81, 24, 12]
107	1       177773889
#trying: [11, 100, 24, 12, 15, 81]
108	1       172736512
#trying: [11, 100, 24, 12, 81, 15]
109	1       62344731
#trying: [11, 100, 24, 15, 12, 81]
110	1       57351682
#trying: [11, 100, 24, 15, 81, 12]
111	1       180698384
#trying: [11, 100, 24, 81, 12, 15]
112	1       171834085
#trying: [11, 100, 24, 81, 15, 12]
113	1       179890371
#trying: [11, 100, 81, 12, 15, 24]
114	1       61730099
#trying: [11, 100, 81, 12, 24, 15]
115	1       179611062
#trying: [11, 100, 81, 15, 12, 24]
116	1       180391107
#trying: [11, 100, 81, 15, 24, 12]
117	1       158989408
#trying: [11, 100, 81, 24, 12, 15]
118	1       199856068
#trying: [11, 100, 81, 24, 15, 12]
119	1       60387908
#trying: [12, 11, 15, 24, 81, 100]
120	1       178798097
#trying: [12, 11, 15, 24, 100, 81]
121	1       163810863
#trying: [12, 11, 15, 81, 24, 100]
122	1       176676655
#trying: [12, 11, 15, 81, 100, 24]
123	1       61190144
#trying: [12, 11, 15, 100, 24, 81]
124	1       206740175
#trying: [12, 11, 15, 100, 81, 24]
125	1       88538184
#trying: [12, 11, 24, 15, 81, 100]
126	1       176387817
#trying: [12, 11, 24, 15, 100, 81]
127	1       162838563
#trying: [12, 11, 24, 81, 15, 100]
128	1       173625438
#trying: [12, 11, 24, 81, 100, 15]
129	1       184070751
#trying: [12, 11, 24, 100, 15, 81]
130	1       176959484
#trying: [12, 11, 24, 100, 81, 15]
131	1       189767046
#trying: [12, 11, 81, 15, 24, 100]
132	1       178298193
#trying: [12, 11, 81, 15, 100, 24]
133	1       177851927
#trying: [12, 11, 81, 24, 15, 100]
134	1       67286177
#trying: [12, 11, 81, 24, 100, 15]
135	1       168495303
#trying: [12, 11, 81, 100, 15, 24]
136	1       185236711
#trying: [12, 11, 81, 100, 24, 15]
137	1       164666459
#trying: [12, 11, 100, 15, 24, 81]
138	1       163063987
#trying: [12, 11, 100, 15, 81, 24]
139	1       164777972
#trying: [12, 11, 100, 24, 15, 81]
140	1       169909942
#trying: [12, 11, 100, 24, 81, 15]
141	1       159816203
#trying: [12, 11, 100, 81, 15, 24]
142	1       166200554
#trying: [12, 11, 100, 81, 24, 15]
143	1       163262776
#trying: [12, 15, 11, 24, 81, 100]
144	1       166450774
#trying: [12, 15, 11, 24, 100, 81]
145	1       174655080
#trying: [12, 15, 11, 81, 24, 100]
146	1       165863997
#trying: [12, 15, 11, 81, 100, 24]
147	1       172825747
#trying: [12, 15, 11, 100, 24, 81]
148	1       175354469
#trying: [12, 15, 11, 100, 81, 24]
149	1       52397559
#trying: [12, 15, 24, 11, 81, 100]
150	1       50760426
#trying: [12, 15, 24, 11, 100, 81]
151	1       50329598
#trying: [12, 15, 24, 81, 11, 100]
152	1       43920863
#trying: [12, 15, 24, 81, 100, 11]
153	1       46872505
#trying: [12, 15, 24, 100, 11, 81]
154	1       44797974
#trying: [12, 15, 24, 100, 81, 11]
155	1       42596182
#trying: [12, 15, 81, 11, 24, 100]
156	1       50956116
#trying: [12, 15, 81, 11, 100, 24]
157	1       45288601
#trying: [12, 15, 81, 24, 11, 100]
158	1       57141994
#trying: [12, 15, 81, 24, 100, 11]
159	1       176189227
#trying: [12, 15, 81, 100, 11, 24]
160	1       171187313
#trying: [12, 15, 81, 100, 24, 11]
161	1       161733036
#trying: [12, 15, 100, 11, 24, 81]
162	1       177566860
#trying: [12, 15, 100, 11, 81, 24]
163	1       164308302
#trying: [12, 15, 100, 24, 11, 81]
164	1       180504522
#trying: [12, 15, 100, 24, 81, 11]
165	1       180495955
#trying: [12, 15, 100, 81, 11, 24]
166	1       157860754
#trying: [12, 15, 100, 81, 24, 11]
167	1       168152414
#trying: [12, 24, 11, 15, 81, 100]
168	1       172245212
#trying: [12, 24, 11, 15, 100, 81]
169	1       171373815
#trying: [12, 24, 11, 81, 15, 100]
170	1       168027219
#trying: [12, 24, 11, 81, 100, 15]
171	1       173871559
#trying: [12, 24, 11, 100, 15, 81]
172	1       169058389
#trying: [12, 24, 11, 100, 81, 15]
173	1       38158268
#trying: [12, 24, 15, 11, 81, 100]
174	1       161035415
#trying: [12, 24, 15, 11, 100, 81]
175	1       155547335
#trying: [12, 24, 15, 81, 11, 100]
176	1       167744654
#trying: [12, 24, 15, 81, 100, 11]
177	1       163422918
#trying: [12, 24, 15, 100, 11, 81]
178	1       37115761
#trying: [12, 24, 15, 100, 81, 11]
179	1       40151592
#trying: [12, 24, 81, 11, 15, 100]
180	1       52667706
#trying: [12, 24, 81, 11, 100, 15]
181	1       47675335
#trying: [12, 24, 81, 15, 11, 100]
182	1       46261526
#trying: [12, 24, 81, 15, 100, 11]
183	1       39074554
#trying: [12, 24, 81, 100, 11, 15]
184	1       42182855
#trying: [12, 24, 81, 100, 15, 11]
185	1       39282185
#trying: [12, 24, 100, 11, 15, 81]
186	1       52893000
#trying: [12, 24, 100, 11, 81, 15]
187	1       38008312
#trying: [12, 24, 100, 15, 11, 81]
188	1       36890266
#trying: [12, 24, 100, 15, 81, 11]
189	1       157307732
#trying: [12, 24, 100, 81, 11, 15]
190	1       160800463
#trying: [12, 24, 100, 81, 15, 11]
191	1       161910975
#trying: [12, 81, 11, 15, 24, 100]
192	1       159299650
#trying: [12, 81, 11, 15, 100, 24]
193	1       45743109
#trying: [12, 81, 11, 24, 15, 100]
194	1       43131986
#trying: [12, 81, 11, 24, 100, 15]
195	1       50531456
#trying: [12, 81, 11, 100, 15, 24]
196	1       39342748
#trying: [12, 81, 11, 100, 24, 15]
197	1       37298042
#trying: [12, 81, 15, 11, 24, 100]
198	1       41532693
#trying: [12, 81, 15, 11, 100, 24]
199	1       162850085
#trying: [12, 81, 15, 24, 11, 100]
200	1       157545834
#trying: [12, 81, 15, 24, 100, 11]
201	1       169035787
#trying: [12, 81, 15, 100, 11, 24]
202	1       168907834
#trying: [12, 81, 15, 100, 24, 11]
203	1       157989170
#trying: [12, 81, 24, 11, 15, 100]
204	1       163997792
#trying: [12, 81, 24, 11, 100, 15]
205	1       39021406
#trying: [12, 81, 24, 15, 11, 100]
206	1       36466560
#trying: [12, 81, 24, 15, 100, 11]
207	1       44541036
#trying: [12, 81, 24, 100, 11, 15]
208	1       43978350
#trying: [12, 81, 24, 100, 15, 11]
209	1       41205967
#trying: [12, 81, 100, 11, 15, 24]
210	1       48393689
#trying: [12, 81, 100, 11, 24, 15]
211	1       48520489
#trying: [12, 81, 100, 15, 11, 24]
212	1       39102208
#trying: [12, 81, 100, 15, 24, 11]
213	1       160141448
#trying: [12, 81, 100, 24, 11, 15]
214	1       161283407
#trying: [12, 81, 100, 24, 15, 11]
215	1       170805659
#trying: [12, 100, 11, 15, 24, 81]
216	1       168152875
#trying: [12, 100, 11, 15, 81, 24]
217	1       160716281
#trying: [12, 100, 11, 24, 15, 81]
218	1       174596431
#trying: [12, 100, 11, 24, 81, 15]
219	1       172911902
#trying: [12, 100, 11, 81, 15, 24]
220	1       159664248
#trying: [12, 100, 11, 81, 24, 15]
221	1       164696145
#trying: [12, 100, 15, 11, 24, 81]
222	1       36590923
#trying: [12, 100, 15, 11, 81, 24]
223	1       38945123
#trying: [12, 100, 15, 24, 11, 81]
224	1       40645848
#trying: [12, 100, 15, 24, 81, 11]
225	1       37914106
#trying: [12, 100, 15, 81, 11, 24]
226	1       39821522
#trying: [12, 100, 15, 81, 24, 11]
227	1       161088697
#trying: [12, 100, 24, 11, 15, 81]
228	1       170654063
#trying: [12, 100, 24, 11, 81, 15]
229	1       162072468
#trying: [12, 100, 24, 15, 11, 81]
230	1       156976879
#trying: [12, 100, 24, 15, 81, 11]
231	1       167970734
#trying: [12, 100, 24, 81, 11, 15]
232	1       164324552
#trying: [12, 100, 24, 81, 15, 11]
233	1       163648267
#trying: [12, 100, 81, 11, 15, 24]
234	1       167910182
#trying: [12, 100, 81, 11, 24, 15]
235	1       161852162
#trying: [12, 100, 81, 15, 11, 24]
236	1       168205502
#trying: [12, 100, 81, 15, 24, 11]
237	1       169549232
#trying: [12, 100, 81, 24, 11, 15]
238	1       177523584
#trying: [12, 100, 81, 24, 15, 11]
239	1       164974849
#trying: [15, 11, 12, 24, 81, 100]
240	1       43158349
#trying: [15, 11, 12, 24, 100, 81]
241	1       39842087
#trying: [15, 11, 12, 81, 24, 100]
242	1       36381712
#trying: [15, 11, 12, 81, 100, 24]
243	1       44955569
#trying: [15, 11, 12, 100, 24, 81]
244	1       168626216
#trying: [15, 11, 12, 100, 81, 24]
245	1       176638028
#trying: [15, 11, 24, 12, 81, 100]
246	1       52162878
#trying: [15, 11, 24, 12, 100, 81]
247	1       41134749
#trying: [15, 11, 24, 81, 12, 100]
248	1       37079737
#trying: [15, 11, 24, 81, 100, 12]
249	1       178977448
#trying: [15, 11, 24, 100, 12, 81]
250	1       43133932
#trying: [15, 11, 24, 100, 81, 12]
251	1       43555187
#trying: [15, 11, 81, 12, 24, 100]
252	1       163849806
#trying: [15, 11, 81, 12, 100, 24]
253	1       171542057
#trying: [15, 11, 81, 24, 12, 100]
254	1       159047513
#trying: [15, 11, 81, 24, 100, 12]
255	1       167756489
#trying: [15, 11, 81, 100, 12, 24]
256	1       168441302
#trying: [15, 11, 81, 100, 24, 12]
257	1       161881594
#trying: [15, 11, 100, 12, 24, 81]
258	1       162504728
#trying: [15, 11, 100, 12, 81, 24]
259	1       158936266
#trying: [15, 11, 100, 24, 12, 81]
260	1       158227498
#trying: [15, 11, 100, 24, 81, 12]
261	1       166307676
#trying: [15, 11, 100, 81, 12, 24]
262	1       41780121
#trying: [15, 11, 100, 81, 24, 12]
263	1       39517987
#trying: [15, 12, 11, 24, 81, 100]
264	1       58418792
#trying: [15, 12, 11, 24, 100, 81]
265	1       49435725
#trying: [15, 12, 11, 81, 24, 100]
266	1       37955616
#trying: [15, 12, 11, 81, 100, 24]
267	1       38647370
#trying: [15, 12, 11, 100, 24, 81]
268	1       40925152
#trying: [15, 12, 11, 100, 81, 24]
269	1       164823050
#trying: [15, 12, 24, 11, 81, 100]
270	1       163850222
#trying: [15, 12, 24, 11, 100, 81]
271	1       158291894
#trying: [15, 12, 24, 81, 11, 100]
272	1       175499999
#trying: [15, 12, 24, 81, 100, 11]
273	1       177345465
#trying: [15, 12, 24, 100, 11, 81]
274	1       175503669
#trying: [15, 12, 24, 100, 81, 11]
275	1       162053654
#trying: [15, 12, 81, 11, 24, 100]
276	1       162255361
#trying: [15, 12, 81, 11, 100, 24]
277	1       164300737
#trying: [15, 12, 81, 24, 11, 100]
278	1       165120512
#trying: [15, 12, 81, 24, 100, 11]
279	1       165578692
#trying: [15, 12, 81, 100, 11, 24]
280	1       170498957
#trying: [15, 12, 81, 100, 24, 11]
281	1       167781479
#trying: [15, 12, 100, 11, 24, 81]
282	1       164374484
#trying: [15, 12, 100, 11, 81, 24]
283	1       168169376
#trying: [15, 12, 100, 24, 11, 81]
284	1       174446838
#trying: [15, 12, 100, 24, 81, 11]
285	1       164586058
#trying: [15, 12, 100, 81, 11, 24]
286	1       161442923
#trying: [15, 12, 100, 81, 24, 11]
287	1       161479927
#trying: [15, 24, 11, 12, 81, 100]
288	1       163393238
#trying: [15, 24, 11, 12, 100, 81]
289	1       45188086
#trying: [15, 24, 11, 81, 12, 100]
290	1       42375383
#trying: [15, 24, 11, 81, 100, 12]
291	1       52844350
#trying: [15, 24, 11, 100, 12, 81]
292	1       40424105
#trying: [15, 24, 11, 100, 81, 12]
293	1       36662230
#trying: [15, 24, 12, 11, 81, 100]
294	1       36184994
#trying: [15, 24, 12, 11, 100, 81]
295	1       160034143
#trying: [15, 24, 12, 81, 11, 100]
296	1       157429278
#trying: [15, 24, 12, 81, 100, 11]
297	1       163445417
#trying: [15, 24, 12, 100, 11, 81]
298	1       41633808
#trying: [15, 24, 12, 100, 81, 11]
299	1       36488572
#trying: [15, 24, 81, 11, 12, 100]
300	1       40764529
#trying: [15, 24, 81, 11, 100, 12]
301	1       160139604
#trying: [15, 24, 81, 12, 11, 100]
302	1       162873947
#trying: [15, 24, 81, 12, 100, 11]
303	1       155625435
#trying: [15, 24, 81, 100, 11, 12]
304	1       39784661
#trying: [15, 24, 81, 100, 12, 11]
305	1       35477724
#trying: [15, 24, 100, 11, 12, 81]
306	1       164666722
#trying: [15, 24, 100, 11, 81, 12]
307	1       159740174
#trying: [15, 24, 100, 12, 11, 81]
308	1       160554135
#trying: [15, 24, 100, 12, 81, 11]
309	1       158038860
#trying: [15, 24, 100, 81, 11, 12]
310	1       166900709
#trying: [15, 24, 100, 81, 12, 11]
311	1       38012294
#trying: [15, 81, 11, 12, 24, 100]
312	1       37545580
#trying: [15, 81, 11, 12, 100, 24]
313	1       43821023
#trying: [15, 81, 11, 24, 12, 100]
314	1       44038979
#trying: [15, 81, 11, 24, 100, 12]
315	1       43636353
#trying: [15, 81, 11, 100, 12, 24]
316	1       166111498
#trying: [15, 81, 11, 100, 24, 12]
317	1       162556013
#trying: [15, 81, 12, 11, 24, 100]
318	1       162305311
#trying: [15, 81, 12, 11, 100, 24]
319	1       167493134
#trying: [15, 81, 12, 24, 11, 100]
320	1       165020866
#trying: [15, 81, 12, 24, 100, 11]
321	1       163635649
#trying: [15, 81, 12, 100, 11, 24]
322	1       167241631
#trying: [15, 81, 12, 100, 24, 11]
323	1       165989320
#trying: [15, 81, 24, 11, 12, 100]
324	1       42079929
#trying: [15, 81, 24, 11, 100, 12]
325	1       51591954
#trying: [15, 81, 24, 12, 11, 100]
326	1       35798682
#trying: [15, 81, 24, 12, 100, 11]
327	1       36243653
#trying: [15, 81, 24, 100, 11, 12]
328	1       49803222
#trying: [15, 81, 24, 100, 12, 11]
329	1       43024194
#trying: [15, 81, 100, 11, 12, 24]
330	1       160752430
#trying: [15, 81, 100, 11, 24, 12]
331	1       163718018
#trying: [15, 81, 100, 12, 11, 24]
332	1       167902635
#trying: [15, 81, 100, 12, 24, 11]
333	1       163325312
#trying: [15, 81, 100, 24, 11, 12]
334	1       163646338
#trying: [15, 81, 100, 24, 12, 11]
335	1       37817078
#trying: [15, 100, 11, 12, 24, 81]
336	1       51396766
#trying: [15, 100, 11, 12, 81, 24]
337	1       53406378
#trying: [15, 100, 11, 24, 12, 81]
338	1       37495707
#trying: [15, 100, 11, 24, 81, 12]
339	1       46806841
#trying: [15, 100, 11, 81, 12, 24]
340	1       39262723
#trying: [15, 100, 11, 81, 24, 12]
341	1       165280517
#trying: [15, 100, 12, 11, 24, 81]
342	1       163073981
#trying: [15, 100, 12, 11, 81, 24]
343	1       157404227
#trying: [15, 100, 12, 24, 11, 81]
344	1       35532892
#trying: [15, 100, 12, 24, 81, 11]
345	1       36833953
#trying: [15, 100, 12, 81, 11, 24]
346	1       35824603
#trying: [15, 100, 12, 81, 24, 11]
347	1       162930950
#trying: [15, 100, 24, 11, 12, 81]
348	1       159288601
#trying: [15, 100, 24, 11, 81, 12]
349	1       38985138
#trying: [15, 100, 24, 12, 11, 81]
350	1       38811996
#trying: [15, 100, 24, 12, 81, 11]
351	1       35810076
#trying: [15, 100, 24, 81, 11, 12]
352	1       39773404
#trying: [15, 100, 24, 81, 12, 11]
353	1       162269129
#trying: [15, 100, 81, 11, 12, 24]
354	1       160110772
#trying: [15, 100, 81, 11, 24, 12]
355	1       155320789
#trying: [15, 100, 81, 12, 11, 24]
356	1       37927392
#trying: [15, 100, 81, 12, 24, 11]
357	1       34578012
#trying: [15, 100, 81, 24, 11, 12]
358	1       38139647
#trying: [15, 100, 81, 24, 12, 11]
359	1       160488359
#trying: [24, 11, 12, 15, 81, 100]
360	1       161128498
#trying: [24, 11, 12, 15, 100, 81]
361	1       36058459
#trying: [24, 11, 12, 81, 15, 100]
362	1       42958266
#trying: [24, 11, 12, 81, 100, 15]
363	1       38944335
#trying: [24, 11, 12, 100, 15, 81]
364	1       51477983
#trying: [24, 11, 12, 100, 81, 15]
365	1       38472760
#trying: [24, 11, 15, 12, 81, 100]
366	1       160510616
#trying: [24, 11, 15, 12, 100, 81]
367	1       157005074
#trying: [24, 11, 15, 81, 12, 100]
368	1       162285193
#trying: [24, 11, 15, 81, 100, 12]
369	1       43903659
#trying: [24, 11, 15, 100, 12, 81]
370	1       35169134
#trying: [24, 11, 15, 100, 81, 12]
371	1       37122346
#trying: [24, 11, 81, 12, 15, 100]
372	1       164277983
#trying: [24, 11, 81, 12, 100, 15]
373	1       158069144
#trying: [24, 11, 81, 15, 12, 100]
374	1       155975289
#trying: [24, 11, 81, 15, 100, 12]
375	1       38746526
#trying: [24, 11, 81, 100, 12, 15]
376	1       35420031
#trying: [24, 11, 81, 100, 15, 12]
377	1       39227221
#trying: [24, 11, 100, 12, 15, 81]
378	1       153264621
#trying: [24, 11, 100, 12, 81, 15]
379	1       168622808
#trying: [24, 11, 100, 15, 12, 81]
380	1       168099222
#trying: [24, 11, 100, 15, 81, 12]
381	1       169838406
#trying: [24, 11, 100, 81, 12, 15]
382	1       163914747
#trying: [24, 11, 100, 81, 15, 12]
383	1       174246211
#trying: [24, 12, 11, 15, 81, 100]
384	1       166903987
#trying: [24, 12, 11, 15, 100, 81]
385	1       170501510
#trying: [24, 12, 11, 81, 15, 100]
386	1       167024708
#trying: [24, 12, 11, 81, 100, 15]
387	1       164042145
#trying: [24, 12, 11, 100, 15, 81]
388	1       164224310
#trying: [24, 12, 11, 100, 81, 15]
389	1       160840596
#trying: [24, 12, 15, 11, 81, 100]
390	1       170228593
#trying: [24, 12, 15, 11, 100, 81]
391	1       170522791
#trying: [24, 12, 15, 81, 11, 100]
392	1       161865551
#trying: [24, 12, 15, 81, 100, 11]
393	1       173056394
#trying: [24, 12, 15, 100, 11, 81]
394	1       167515105
#trying: [24, 12, 15, 100, 81, 11]
395	1       160012940
#trying: [24, 12, 81, 11, 15, 100]
396	1       38319390
#trying: [24, 12, 81, 11, 100, 15]
397	1       41995208
#trying: [24, 12, 81, 15, 11, 100]
398	1       45427418
#trying: [24, 12, 81, 15, 100, 11]
399	1       40294811
#trying: [24, 12, 81, 100, 11, 15]
400	1       44137089
#trying: [24, 12, 81, 100, 15, 11]
401	1       57885174
#trying: [24, 12, 100, 11, 15, 81]
402	1       43542086
#trying: [24, 12, 100, 11, 81, 15]
403	1       41728211
#trying: [24, 12, 100, 15, 11, 81]
404	1       41827090
#trying: [24, 12, 100, 15, 81, 11]
405	1       178284417
#trying: [24, 12, 100, 81, 11, 15]
406	1       39593787
#trying: [24, 12, 100, 81, 15, 11]
407	1       41673652
#trying: [24, 15, 11, 12, 81, 100]
408	1       157054758
#trying: [24, 15, 11, 12, 100, 81]
409	1       161857599
#trying: [24, 15, 11, 81, 12, 100]
410	1       166967913
#trying: [24, 15, 11, 81, 100, 12]
411	1       166022330
#trying: [24, 15, 11, 100, 12, 81]
412	1       163847522
#trying: [24, 15, 11, 100, 81, 12]
413	1       164789371
#trying: [24, 15, 12, 11, 81, 100]
414	1       170171692
#trying: [24, 15, 12, 11, 100, 81]
415	1       167333451
#trying: [24, 15, 12, 81, 11, 100]
416	1       171436207
#trying: [24, 15, 12, 81, 100, 11]
417	1       38912841
#trying: [24, 15, 12, 100, 11, 81]
418	1       48384024
#trying: [24, 15, 12, 100, 81, 11]
419	1       56187278
#trying: [24, 15, 81, 11, 12, 100]
420	1       173558417
#trying: [24, 15, 81, 11, 100, 12]
421	1       174817285
#trying: [24, 15, 81, 12, 11, 100]
422	1       171832823
#trying: [24, 15, 81, 12, 100, 11]
423	1       174854021
#trying: [24, 15, 81, 100, 11, 12]
424	1       59635543
#trying: [24, 15, 81, 100, 12, 11]
425	1       186208126
#trying: [24, 15, 100, 11, 12, 81]
426	1       179163598
#trying: [24, 15, 100, 11, 81, 12]
427	1       170109368
#trying: [24, 15, 100, 12, 11, 81]
428	1       45684324
#trying: [24, 15, 100, 12, 81, 11]
429	1       50065765
#trying: [24, 15, 100, 81, 11, 12]
430	1       45729287
#trying: [24, 15, 100, 81, 12, 11]
431	1       42356369
#trying: [24, 81, 11, 12, 15, 100]
432	1       54804673
#trying: [24, 81, 11, 12, 100, 15]
433	1       45169476
#trying: [24, 81, 11, 15, 12, 100]
434	1       66039657
#trying: [24, 81, 11, 15, 100, 12]
435	1       179263766
#trying: [24, 81, 11, 100, 12, 15]
436	1       170388465
#trying: [24, 81, 11, 100, 15, 12]
437	1       160819434
#trying: [24, 81, 12, 11, 15, 100]
438	1       172713152
#trying: [24, 81, 12, 11, 100, 15]
439	1       171414408
#trying: [24, 81, 12, 15, 11, 100]
440	1       183457940
#trying: [24, 81, 12, 15, 100, 11]
441	1       50312301
#trying: [24, 81, 12, 100, 11, 15]
442	1       59165745
#trying: [24, 81, 12, 100, 15, 11]
443	1       51601574
#trying: [24, 81, 15, 11, 12, 100]
444	1       170421568
#trying: [24, 81, 15, 11, 100, 12]
445	1       176085024
#trying: [24, 81, 15, 12, 11, 100]
446	1       174648288
#trying: [24, 81, 15, 12, 100, 11]
447	1       164953022
#trying: [24, 81, 15, 100, 11, 12]
448	1       162451350
#trying: [24, 81, 15, 100, 12, 11]
449	1       167480089
#trying: [24, 81, 100, 11, 12, 15]
450	1       164766980
#trying: [24, 81, 100, 11, 15, 12]
451	1       46423603
#trying: [24, 81, 100, 12, 11, 15]
452	1       170508492
#trying: [24, 81, 100, 12, 15, 11]
453	1       166550768
#trying: [24, 81, 100, 15, 11, 12]
454	1       171045113
#trying: [24, 81, 100, 15, 12, 11]
455	1       38168787
#trying: [24, 100, 11, 12, 15, 81]
456	1       51184193
#trying: [24, 100, 11, 12, 81, 15]
457	1       48965877
#trying: [24, 100, 11, 15, 12, 81]
458	1       43654702
#trying: [24, 100, 11, 15, 81, 12]
459	1       48072726
#trying: [24, 100, 11, 81, 12, 15]
460	1       41755888
#trying: [24, 100, 11, 81, 15, 12]
461	1       45034042
#trying: [24, 100, 12, 11, 15, 81]
462	1       45082902
#trying: [24, 100, 12, 11, 81, 15]
463	1       43897212
#trying: [24, 100, 12, 15, 11, 81]
464	1       51327269
#trying: [24, 100, 12, 15, 81, 11]
465	1       42830946
#trying: [24, 100, 12, 81, 11, 15]
466	1       38442495
#trying: [24, 100, 12, 81, 15, 11]
467	1       164396491
#trying: [24, 100, 15, 11, 12, 81]
468	1       164016820
#trying: [24, 100, 15, 11, 81, 12]
469	1       162980672
#trying: [24, 100, 15, 12, 11, 81]
470	1       161293713
#trying: [24, 100, 15, 12, 81, 11]
471	1       160899844
#trying: [24, 100, 15, 81, 11, 12]
472	1       169970094
#trying: [24, 100, 15, 81, 12, 11]
473	1       178918496
#trying: [24, 100, 81, 11, 12, 15]
474	1       164414190
#trying: [24, 100, 81, 11, 15, 12]
475	1       166856447
#trying: [24, 100, 81, 12, 11, 15]
476	1       164879014
#trying: [24, 100, 81, 12, 15, 11]
477	1       157214488
#trying: [24, 100, 81, 15, 11, 12]
478	1       165664369
#trying: [24, 100, 81, 15, 12, 11]
479	1       167100192
#trying: [81, 11, 12, 15, 24, 100]
480	1       185140600
#trying: [81, 11, 12, 15, 100, 24]
481	1       170948844
#trying: [81, 11, 12, 24, 15, 100]
482	1       61915041
#trying: [81, 11, 12, 24, 100, 15]
483	1       49873881
#trying: [81, 11, 12, 100, 15, 24]
484	1       50244426
#trying: [81, 11, 12, 100, 24, 15]
485	1       48951006
#trying: [81, 11, 15, 12, 24, 100]
486	1       52724420
#trying: [81, 11, 15, 12, 100, 24]
487	1       48725437
#trying: [81, 11, 15, 24, 12, 100]
488	1       42885029
#trying: [81, 11, 15, 24, 100, 12]
489	1       45363182
#trying: [81, 11, 15, 100, 12, 24]
490	1       56213079
#trying: [81, 11, 15, 100, 24, 12]
491	1       47843251
#trying: [81, 11, 24, 12, 15, 100]
492	1       184148023
#trying: [81, 11, 24, 12, 100, 15]
493	1       169203184
#trying: [81, 11, 24, 15, 12, 100]
494	1       178453275
#trying: [81, 11, 24, 15, 100, 12]
495	1       164249915
#trying: [81, 11, 24, 100, 12, 15]
496	1       168726657
#trying: [81, 11, 24, 100, 15, 12]
497	1       165709109
#trying: [81, 11, 100, 12, 15, 24]
498	1       162061610
#trying: [81, 11, 100, 12, 24, 15]
499	1       165830349
#trying: [81, 11, 100, 15, 12, 24]
500	1       38980580
#trying: [81, 11, 100, 15, 24, 12]
501	1       173860966
#trying: [81, 11, 100, 24, 12, 15]
502	1       179588827
#trying: [81, 11, 100, 24, 15, 12]
503	1       186227282
#trying: [81, 12, 11, 15, 24, 100]
504	1       63509555
#trying: [81, 12, 11, 15, 100, 24]
505	1       47494200
#trying: [81, 12, 11, 24, 15, 100]
506	1       44014576
#trying: [81, 12, 11, 24, 100, 15]
507	1       45625139
#trying: [81, 12, 11, 100, 15, 24]
508	1       55212299
#trying: [81, 12, 11, 100, 24, 15]
509	1       170225857
#trying: [81, 12, 15, 11, 24, 100]
510	1       44593209
#trying: [81, 12, 15, 11, 100, 24]
511	1       44802017
#trying: [81, 12, 15, 24, 11, 100]
512	1       55180416
#trying: [81, 12, 15, 24, 100, 11]
513	1       41666563
#trying: [81, 12, 15, 100, 11, 24]
514	1       40736486
#trying: [81, 12, 15, 100, 24, 11]
515	1       50994711
#trying: [81, 12, 24, 11, 15, 100]
516	1       172175024
#trying: [81, 12, 24, 11, 100, 15]
517	1       172719837
#trying: [81, 12, 24, 15, 11, 100]
518	1       174016945
#trying: [81, 12, 24, 15, 100, 11]
519	1       172259845
#trying: [81, 12, 24, 100, 11, 15]
520	1       170864909
#trying: [81, 12, 24, 100, 15, 11]
521	1       169194615
#trying: [81, 12, 100, 11, 15, 24]
522	1       170395393
#trying: [81, 12, 100, 11, 24, 15]
523	1       185220628
#trying: [81, 12, 100, 15, 11, 24]
524	1       41147879
#trying: [81, 12, 100, 15, 24, 11]
525	1       52126002
#trying: [81, 12, 100, 24, 11, 15]
526	1       40579309
#trying: [81, 12, 100, 24, 15, 11]
527	1       175818520
#trying: [81, 15, 11, 12, 24, 100]
528	1       45233515
#trying: [81, 15, 11, 12, 100, 24]
529	1       174910211
#trying: [81, 15, 11, 24, 12, 100]
530	1       42693829
#trying: [81, 15, 11, 24, 100, 12]
531	1       163111333
#trying: [81, 15, 11, 100, 12, 24]
532	1       177321840
#trying: [81, 15, 11, 100, 24, 12]
533	1       174690023
#trying: [81, 15, 12, 11, 24, 100]
534	1       164067472
#trying: [81, 15, 12, 11, 100, 24]
535	1       160094987
#trying: [81, 15, 12, 24, 11, 100]
536	1       162542262
#trying: [81, 15, 12, 24, 100, 11]
537	1       158835337
#trying: [81, 15, 12, 100, 11, 24]
538	1       165116529
#trying: [81, 15, 12, 100, 24, 11]
539	1       172414626
#trying: [81, 15, 24, 11, 12, 100]
540	1       169056432
#trying: [81, 15, 24, 11, 100, 12]
541	1       168837469
#trying: [81, 15, 24, 12, 11, 100]
542	1       166269358
#trying: [81, 15, 24, 12, 100, 11]
543	1       165432915
#trying: [81, 15, 24, 100, 11, 12]
544	1       160102665
#trying: [81, 15, 24, 100, 12, 11]
545	1       169244878
#trying: [81, 15, 100, 11, 12, 24]
546	1       170145139
#trying: [81, 15, 100, 11, 24, 12]
547	1       167093378
#trying: [81, 15, 100, 12, 11, 24]
548	1       168653997
#trying: [81, 15, 100, 12, 24, 11]
549	1       40321181
#trying: [81, 15, 100, 24, 11, 12]
550	1       45194220
#trying: [81, 15, 100, 24, 12, 11]
551	1       45790704
#trying: [81, 24, 11, 12, 15, 100]
552	1       43358020
#trying: [81, 24, 11, 12, 100, 15]
553	1       47290418
#trying: [81, 24, 11, 15, 12, 100]
554	1       54660984
#trying: [81, 24, 11, 15, 100, 12]
555	1       39222348
#trying: [81, 24, 11, 100, 12, 15]
556	1       60731001
#trying: [81, 24, 11, 100, 15, 12]
557	1       44868592
#trying: [81, 24, 12, 11, 15, 100]
558	1       161215993
#trying: [81, 24, 12, 11, 100, 15]
559	1       165853620
#trying: [81, 24, 12, 15, 11, 100]
560	1       164665801
#trying: [81, 24, 12, 15, 100, 11]
561	1       159108397
#trying: [81, 24, 12, 100, 11, 15]
562	1       171665710
#trying: [81, 24, 12, 100, 15, 11]
563	1       160318405
#trying: [81, 24, 15, 11, 12, 100]
564	1       170504989
#trying: [81, 24, 15, 11, 100, 12]
565	1       166901658
#trying: [81, 24, 15, 12, 11, 100]
566	1       158075941
#trying: [81, 24, 15, 12, 100, 11]
567	1       168034036
#trying: [81, 24, 15, 100, 11, 12]
568	1       174128438
#trying: [81, 24, 15, 100, 12, 11]
569	1       173205561
#trying: [81, 24, 100, 11, 12, 15]
570	1       153645851
#trying: [81, 24, 100, 11, 15, 12]
571	1       169003158
#trying: [81, 24, 100, 12, 11, 15]
572	1       166503477
#trying: [81, 24, 100, 12, 15, 11]
573	1       176510616
#trying: [81, 24, 100, 15, 11, 12]
574	1       40752825
#trying: [81, 24, 100, 15, 12, 11]
575	1       175089145
#trying: [81, 100, 11, 12, 15, 24]
576	1       171274060
#trying: [81, 100, 11, 12, 24, 15]
577	1       161899279
#trying: [81, 100, 11, 15, 12, 24]
578	1       42107894
#trying: [81, 100, 11, 15, 24, 12]
579	1       39988375
#trying: [81, 100, 11, 24, 12, 15]
580	1       46280487
#trying: [81, 100, 11, 24, 15, 12]
581	1       60701470
#trying: [81, 100, 12, 11, 15, 24]
582	1       52381449
#trying: [81, 100, 12, 11, 24, 15]
583	1       177467189
#trying: [81, 100, 12, 15, 11, 24]
584	1       167845099
#trying: [81, 100, 12, 15, 24, 11]
585	1       168772150
#trying: [81, 100, 12, 24, 11, 15]
586	1       172226785
#trying: [81, 100, 12, 24, 15, 11]
587	1       176432759
#trying: [81, 100, 15, 11, 12, 24]
588	1       168950705
#trying: [81, 100, 15, 11, 24, 12]
589	1       178594669
#trying: [81, 100, 15, 12, 11, 24]
590	1       181088690
#trying: [81, 100, 15, 12, 24, 11]
591	1       48949259
#trying: [81, 100, 15, 24, 11, 12]
592	1       52382435
#trying: [81, 100, 15, 24, 12, 11]
593	1       180883735
#trying: [81, 100, 24, 11, 12, 15]
594	1       46342880
#trying: [81, 100, 24, 11, 15, 12]
595	1       177869182
#trying: [81, 100, 24, 12, 11, 15]
596	1       162806655
#trying: [81, 100, 24, 12, 15, 11]
597	1       169247017
#trying: [81, 100, 24, 15, 11, 12]
598	1       167847170
#trying: [81, 100, 24, 15, 12, 11]
599	1       176439802
#trying: [100, 11, 12, 15, 24, 81]
600	1       184290390
#trying: [100, 11, 12, 15, 81, 24]
601	1       179626224
#trying: [100, 11, 12, 24, 15, 81]
602	1       55227313
#trying: [100, 11, 12, 24, 81, 15]
603	1       55774936
#trying: [100, 11, 12, 81, 15, 24]
604	1       49239102
#trying: [100, 11, 12, 81, 24, 15]
605	1       49464249
#trying: [100, 11, 15, 12, 24, 81]
606	1       181955719
#trying: [100, 11, 15, 12, 81, 24]
607	1       169062401
#trying: [100, 11, 15, 24, 12, 81]
608	1       172539773
#trying: [100, 11, 15, 24, 81, 12]
609	1       173686865
#trying: [100, 11, 15, 81, 12, 24]
610	1       162095773
#trying: [100, 11, 15, 81, 24, 12]
611	1       172397855
#trying: [100, 11, 24, 12, 15, 81]
612	1       170838645
#trying: [100, 11, 24, 12, 81, 15]
613	1       184243690
#trying: [100, 11, 24, 15, 12, 81]
614	1       47681219
#trying: [100, 11, 24, 15, 81, 12]
615	1       54294461
#trying: [100, 11, 24, 81, 12, 15]
616	1       48858371
#trying: [100, 11, 24, 81, 15, 12]
617	1       47676783
#trying: [100, 11, 81, 12, 15, 24]
618	1       52746946
#trying: [100, 11, 81, 12, 24, 15]
619	1       46170067
#trying: [100, 11, 81, 15, 12, 24]
620	1       49528150
#trying: [100, 11, 81, 15, 24, 12]
621	1       45425115
#trying: [100, 11, 81, 24, 12, 15]
622	1       50873764
#trying: [100, 11, 81, 24, 15, 12]
623	1       44964088
#trying: [100, 12, 11, 15, 24, 81]
624	1       41449690
#trying: [100, 12, 11, 15, 81, 24]
625	1       48648097
#trying: [100, 12, 11, 24, 15, 81]
626	1       42378448
#trying: [100, 12, 11, 24, 81, 15]
627	1       53143279
#trying: [100, 12, 11, 81, 15, 24]
628	1       179951610
#trying: [100, 12, 11, 81, 24, 15]
629	1       43917948
#trying: [100, 12, 15, 11, 24, 81]
630	1       44300337
#trying: [100, 12, 15, 11, 81, 24]
631	1       46515848
#trying: [100, 12, 15, 24, 11, 81]
632	1       46994983
#trying: [100, 12, 15, 24, 81, 11]
633	1       55886538
#trying: [100, 12, 15, 81, 11, 24]
634	1       170917238
#trying: [100, 12, 15, 81, 24, 11]
635	1       166064910
#trying: [100, 12, 24, 11, 15, 81]
636	1       44695859
#trying: [100, 12, 24, 11, 81, 15]
637	1       183249707
#trying: [100, 12, 24, 15, 11, 81]
638	1       167356283
#trying: [100, 12, 24, 15, 81, 11]
639	1       168920758
#trying: [100, 12, 24, 81, 11, 15]
640	1       175140402
#trying: [100, 12, 24, 81, 15, 11]
641	1       169153958
#trying: [100, 12, 81, 11, 15, 24]
642	1       171657062
#trying: [100, 12, 81, 11, 24, 15]
643	1       175942451
#trying: [100, 12, 81, 15, 11, 24]
644	1       165180255
#trying: [100, 12, 81, 15, 24, 11]
645	1       164816791
#trying: [100, 12, 81, 24, 11, 15]
646	1       165551049
#trying: [100, 12, 81, 24, 15, 11]
647	1       164314396
#trying: [100, 15, 11, 12, 24, 81]
648	1       164835373
#trying: [100, 15, 11, 12, 81, 24]
649	1       168608967
#trying: [100, 15, 11, 24, 12, 81]
650	1       164454000
#trying: [100, 15, 11, 24, 81, 12]
651	1       169887912
#trying: [100, 15, 11, 81, 12, 24]
652	1       82330476
#trying: [100, 15, 11, 81, 24, 12]
653	1       213413258
#trying: [100, 15, 12, 11, 24, 81]
654	1       207537728
#trying: [100, 15, 12, 11, 81, 24]
655	1       210274760
#trying: [100, 15, 12, 24, 11, 81]
656	1       214635363
#trying: [100, 15, 12, 24, 81, 11]
657	1       201024901
#trying: [100, 15, 12, 81, 11, 24]
658	1       208454215
#trying: [100, 15, 12, 81, 24, 11]
659	1       207877660
#trying: [100, 15, 24, 11, 12, 81]
660	1       202796805
#trying: [100, 15, 24, 11, 81, 12]
661	1       206712504
#trying: [100, 15, 24, 12, 11, 81]
662	1       205547006
#trying: [100, 15, 24, 12, 81, 11]
663	1       203988916
#trying: [100, 15, 24, 81, 11, 12]
664	1       196295950
#trying: [100, 15, 24, 81, 12, 11]
665	1       207796958
#trying: [100, 15, 81, 11, 12, 24]
666	1       206319967
#trying: [100, 15, 81, 11, 24, 12]
667	1       210693890
#trying: [100, 15, 81, 12, 11, 24]
668	1       210334931
#trying: [100, 15, 81, 12, 24, 11]
669	1       204087419
#trying: [100, 15, 81, 24, 11, 12]
670	1       210792808
#trying: [100, 15, 81, 24, 12, 11]
671	1       201467709
#trying: [100, 24, 11, 12, 15, 81]
672	1       200631850
#trying: [100, 24, 11, 12, 81, 15]
673	1       202986185
#trying: [100, 24, 11, 15, 12, 81]
674	1       205159702
#trying: [100, 24, 11, 15, 81, 12]
675	1       207660171
#trying: [100, 24, 11, 81, 12, 15]
676	1       208827126
#trying: [100, 24, 11, 81, 15, 12]
677	1       369951671
#trying: [100, 24, 12, 11, 15, 81]
678	1       199532862
#trying: [100, 24, 12, 11, 81, 15]
679	1       200101141
#trying: [100, 24, 12, 15, 11, 81]
680	1       203826859
#trying: [100, 24, 12, 15, 81, 11]
681	1       217207073
#trying: [100, 24, 12, 81, 11, 15]
682	1       374258017
#trying: [100, 24, 12, 81, 15, 11]
683	1       373867767
#trying: [100, 24, 15, 11, 12, 81]
684	1       200590191
#trying: [100, 24, 15, 11, 81, 12]
685	1       364834483
#trying: [100, 24, 15, 12, 11, 81]
686	1       378458096
#trying: [100, 24, 15, 12, 81, 11]
687	1       216183094
#trying: [100, 24, 15, 81, 11, 12]
688	1       214572961
#trying: [100, 24, 15, 81, 12, 11]
689	1       385922645
#trying: [100, 24, 81, 11, 12, 15]
690	1       217419316
#trying: [100, 24, 81, 11, 15, 12]
691	1       209921170
#trying: [100, 24, 81, 12, 11, 15]
692	1       363040367
#trying: [100, 24, 81, 12, 15, 11]
693	1       220077765
#trying: [100, 24, 81, 15, 11, 12]
694	1       386932086
#trying: [100, 24, 81, 15, 12, 11]
695	1       213348923
#trying: [100, 81, 11, 12, 15, 24]
696	1       382207170
#trying: [100, 81, 11, 12, 24, 15]
697	1       384425236
#trying: [100, 81, 11, 15, 12, 24]
698	1       215688224
#trying: [100, 81, 11, 15, 24, 12]
699	1       369643301
#trying: [100, 81, 11, 24, 12, 15]
700	1       367083278
#trying: [100, 81, 11, 24, 15, 12]
701	1       375092760
#trying: [100, 81, 12, 11, 15, 24]
702	1       209199089
#trying: [100, 81, 12, 11, 24, 15]
703	1       213025893
#trying: [100, 81, 12, 15, 11, 24]
704	1       210175441
#trying: [100, 81, 12, 15, 24, 11]
705	1       203738097
#trying: [100, 81, 12, 24, 11, 15]
706	1       197963237
#trying: [100, 81, 12, 24, 15, 11]
707	1       203221499
#trying: [100, 81, 15, 11, 12, 24]
708	1       201432513
#trying: [100, 81, 15, 11, 24, 12]
709	1       215543001
#trying: [100, 81, 15, 12, 11, 24]
710	1       217404961
#trying: [100, 81, 15, 12, 24, 11]
711	1       211102401
#trying: [100, 81, 15, 24, 11, 12]
712	1       374967932
#trying: [100, 81, 15, 24, 12, 11]
713	1       214542977
#trying: [100, 81, 24, 11, 12, 15]
714	1       211873932
#trying: [100, 81, 24, 11, 15, 12]
715	1       384841035
#trying: [100, 81, 24, 12, 11, 15]
716	1       224903878
#trying: [100, 81, 24, 12, 15, 11]
717	1       377414620
#trying: [100, 81, 24, 15, 11, 12]
718	1       206474355
#trying: [100, 81, 24, 15, 12, 11]
719	1       217895930
