#PROBLEM: rksat10 & longest chain length: 6 & average chain length: 3.2727 & median chain length: 2 & varNum: ('11', & clauseNum: '99') & chains: 11 & timeout: 30s 
#original chain with index 17: [14, 10, 92, 63, 60, 21] 
#trying: [10, 21, 14, 60, 63, 92]
0	1       36202831
#trying: [10, 21, 14, 60, 92, 63]
1	1       158465325
#trying: [10, 21, 14, 63, 60, 92]
2	1       157656339
#trying: [10, 21, 14, 63, 92, 60]
3	1       40156696
#trying: [10, 21, 14, 92, 60, 63]
4	1       35087104
#trying: [10, 21, 14, 92, 63, 60]
5	1       36569146
#trying: [10, 21, 60, 14, 63, 92]
6	1       161525392
#trying: [10, 21, 60, 14, 92, 63]
7	1       155634233
#trying: [10, 21, 60, 63, 14, 92]
8	1       163754681
#trying: [10, 21, 60, 63, 92, 14]
9	1       167358188
#trying: [10, 21, 60, 92, 14, 63]
10	1       45462610
#trying: [10, 21, 60, 92, 63, 14]
11	1       37417978
#trying: [10, 21, 63, 14, 60, 92]
12	1       38772545
#trying: [10, 21, 63, 14, 92, 60]
13	1       39258958
#trying: [10, 21, 63, 60, 14, 92]
14	1       158532015
#trying: [10, 21, 63, 60, 92, 14]
15	1       163936656
#trying: [10, 21, 63, 92, 14, 60]
16	1       160941837
#trying: [10, 21, 63, 92, 60, 14]
17	1       35718154
#trying: [10, 21, 92, 14, 60, 63]
18	1       35812623
#trying: [10, 21, 92, 14, 63, 60]
19	1       34773034
#trying: [10, 21, 92, 60, 14, 63]
20	1       168503699
#trying: [10, 21, 92, 60, 63, 14]
21	1       158307871
#trying: [10, 21, 92, 63, 14, 60]
22	1       156529115
#trying: [10, 21, 92, 63, 60, 14]
23	1       159815157
#trying: [10, 60, 14, 21, 63, 92]
24	1       170775025
#trying: [10, 60, 14, 21, 92, 63]
25	1       36042078
#trying: [10, 60, 14, 63, 21, 92]
26	1       38573657
#trying: [10, 60, 14, 63, 92, 21]
27	1       33301585
#trying: [10, 60, 14, 92, 21, 63]
28	1       159893824
#trying: [10, 60, 14, 92, 63, 21]
29	1       160955605
#trying: [10, 60, 21, 14, 63, 92]
30	1       174993321
#trying: [10, 60, 21, 14, 92, 63]
31	1       165429818
#trying: [10, 60, 21, 63, 14, 92]
32	1       168767353
#trying: [10, 60, 21, 63, 92, 14]
33	1       163530479
#trying: [10, 60, 21, 92, 14, 63]
34	1       167801254
#trying: [10, 60, 21, 92, 63, 14]
35	1       166297578
#trying: [10, 60, 63, 14, 21, 92]
36	1       163320096
#trying: [10, 60, 63, 14, 92, 21]
37	1       155781065
#trying: [10, 60, 63, 21, 14, 92]
38	1       172376997
#trying: [10, 60, 63, 21, 92, 14]
39	1       164717072
#trying: [10, 60, 63, 92, 14, 21]
40	1       164198051
#trying: [10, 60, 63, 92, 21, 14]
41	1       158642751
#trying: [10, 60, 92, 14, 21, 63]
42	1       45098231
#trying: [10, 60, 92, 14, 63, 21]
43	1       39349597
#trying: [10, 60, 92, 21, 14, 63]
44	1       37662759
#trying: [10, 60, 92, 21, 63, 14]
45	1       43787208
#trying: [10, 60, 92, 63, 14, 21]
46	1       59146163
#trying: [10, 60, 92, 63, 21, 14]
47	1       36870487
#trying: [10, 63, 14, 21, 60, 92]
48	1       42757724
#trying: [10, 63, 14, 21, 92, 60]
49	1       169520653
#trying: [10, 63, 14, 60, 21, 92]
50	1       162483042
#trying: [10, 63, 14, 60, 92, 21]
51	1       180615857
#trying: [10, 63, 14, 92, 21, 60]
52	1       42449440
#trying: [10, 63, 14, 92, 60, 21]
53	1       169511938
#trying: [10, 63, 21, 14, 60, 92]
54	1       43387392
#trying: [10, 63, 21, 14, 92, 60]
55	1       163954354
#trying: [10, 63, 21, 60, 14, 92]
56	1       171783366
#trying: [10, 63, 21, 60, 92, 14]
57	1       159107754
#trying: [10, 63, 21, 92, 14, 60]
58	1       166500510
#trying: [10, 63, 21, 92, 60, 14]
59	1       161141777
#trying: [10, 63, 60, 14, 21, 92]
60	1       167499345
#trying: [10, 63, 60, 14, 92, 21]
61	1       158423312
#trying: [10, 63, 60, 21, 14, 92]
62	1       39660116
#trying: [10, 63, 60, 21, 92, 14]
63	1       41138830
#trying: [10, 63, 60, 92, 14, 21]
64	1       44978017
#trying: [10, 63, 60, 92, 21, 14]
65	1       42210913
#trying: [10, 63, 92, 14, 21, 60]
66	1       41433266
#trying: [10, 63, 92, 14, 60, 21]
67	1       171831292
#trying: [10, 63, 92, 21, 14, 60]
68	1       163766532
#trying: [10, 63, 92, 21, 60, 14]
69	1       164855958
#trying: [10, 63, 92, 60, 14, 21]
70	1       160410219
#trying: [10, 63, 92, 60, 21, 14]
71	1       163939907
#trying: [10, 92, 14, 21, 60, 63]
72	1       35810212
#trying: [10, 92, 14, 21, 63, 60]
73	1       38088549
#trying: [10, 92, 14, 60, 21, 63]
74	1       36502839
#trying: [10, 92, 14, 60, 63, 21]
75	1       37035614
#trying: [10, 92, 14, 63, 21, 60]
76	1       156602048
#trying: [10, 92, 14, 63, 60, 21]
77	1       156116408
#trying: [10, 92, 21, 14, 60, 63]
78	1       35375870
#trying: [10, 92, 21, 14, 63, 60]
79	1       37604904
#trying: [10, 92, 21, 60, 14, 63]
80	1       33830038
#trying: [10, 92, 21, 60, 63, 14]
81	1       159231644
#trying: [10, 92, 21, 63, 14, 60]
82	1       173003277
#trying: [10, 92, 21, 63, 60, 14]
83	1       161816434
#trying: [10, 92, 60, 14, 21, 63]
84	1       166721418
#trying: [10, 92, 60, 14, 63, 21]
85	1       34957085
#trying: [10, 92, 60, 21, 14, 63]
86	1       43910589
#trying: [10, 92, 60, 21, 63, 14]
87	1       38532488
#trying: [10, 92, 60, 63, 14, 21]
88	1       34313917
#trying: [10, 92, 60, 63, 21, 14]
89	1       158195311
#trying: [10, 92, 63, 14, 21, 60]
90	1       163773234
#trying: [10, 92, 63, 14, 60, 21]
91	1       160965780
#trying: [10, 92, 63, 21, 14, 60]
92	1       40234009
#trying: [10, 92, 63, 21, 60, 14]
93	1       40740677
#trying: [10, 92, 63, 60, 14, 21]
94	1       41876608
#trying: [10, 92, 63, 60, 21, 14]
95	1       50000300
#trying: [14, 10, 21, 60, 63, 92]
96	1       41976038
#trying: [14, 10, 21, 60, 92, 63]
97	1       46030621
#trying: [14, 10, 21, 63, 60, 92]
98	1       38813647
#trying: [14, 10, 21, 63, 92, 60]
99	1       157033076
#trying: [14, 10, 21, 92, 60, 63]
100	1       159917261
#trying: [14, 10, 21, 92, 63, 60]
101	1       165952817
#trying: [14, 10, 60, 21, 63, 92]
102	1       157176878
#trying: [14, 10, 60, 21, 92, 63]
103	1       162628529
#trying: [14, 10, 60, 63, 21, 92]
104	1       171201025
#trying: [14, 10, 60, 63, 92, 21]
105	1       37830578
#trying: [14, 10, 60, 92, 21, 63]
106	1       37232143
#trying: [14, 10, 60, 92, 63, 21]
107	1       38385565
#trying: [14, 10, 63, 21, 60, 92]
108	1       38750462
#trying: [14, 10, 63, 21, 92, 60]
109	1       160638845
#trying: [14, 10, 63, 60, 21, 92]
110	1       163151863
#trying: [14, 10, 63, 60, 92, 21]
111	1       167887798
#trying: [14, 10, 63, 92, 21, 60]
112	1       159146215
#trying: [14, 10, 63, 92, 60, 21]
113	1       155116034
#trying: [14, 10, 92, 21, 60, 63]
114	1       36917351
#trying: [14, 10, 92, 21, 63, 60]
115	1       35192568
#trying: [14, 10, 92, 60, 21, 63]
116	1       44388542
#trying: [14, 10, 92, 60, 63, 21]
117	1       50695773
#trying: [14, 10, 92, 63, 21, 60]
118	1       53912542
#trying: [14, 10, 92, 63, 60, 21]
119	1       48955425
#trying: [14, 21, 10, 60, 63, 92]
120	1       54264452
#trying: [14, 21, 10, 60, 92, 63]
121	1       35973988
#trying: [14, 21, 10, 63, 60, 92]
122	1       51909447
#trying: [14, 21, 10, 63, 92, 60]
123	1       33226702
#trying: [14, 21, 10, 92, 60, 63]
124	1       35155540
#trying: [14, 21, 10, 92, 63, 60]
125	1       52166347
#trying: [14, 21, 60, 10, 63, 92]
126	1       48733690
#trying: [14, 21, 60, 10, 92, 63]
127	1       53393585
#trying: [14, 21, 60, 63, 10, 92]
128	1       38701271
#trying: [14, 21, 60, 63, 92, 10]
129	1       55849236
#trying: [14, 21, 60, 92, 10, 63]
130	1       182056346
#trying: [14, 21, 60, 92, 63, 10]
131	1       165140596
#trying: [14, 21, 63, 10, 60, 92]
132	1       165233036
#trying: [14, 21, 63, 10, 92, 60]
133	1       183471076
#trying: [14, 21, 63, 60, 10, 92]
134	1       174573580
#trying: [14, 21, 63, 60, 92, 10]
135	1       158966922
#trying: [14, 21, 63, 92, 10, 60]
136	1       162322485
#trying: [14, 21, 63, 92, 60, 10]
137	1       159894330
#trying: [14, 21, 92, 10, 60, 63]
138	1       176412115
#trying: [14, 21, 92, 10, 63, 60]
139	1       170165163
#trying: [14, 21, 92, 60, 10, 63]
140	1       164802051
#trying: [14, 21, 92, 60, 63, 10]
141	1       165952769
#trying: [14, 21, 92, 63, 10, 60]
142	1       159974010
#trying: [14, 21, 92, 63, 60, 10]
143	1       34703418
#trying: [14, 60, 10, 21, 63, 92]
144	1       47837987
#trying: [14, 60, 10, 21, 92, 63]
145	1       46810465
#trying: [14, 60, 10, 63, 21, 92]
146	1       40529164
#trying: [14, 60, 10, 63, 92, 21]
147	1       36618527
#trying: [14, 60, 10, 92, 21, 63]
148	1       168232683
#trying: [14, 60, 10, 92, 63, 21]
149	1       171512292
#trying: [14, 60, 21, 10, 63, 92]
150	1       167536182
#trying: [14, 60, 21, 10, 92, 63]
151	1       170345683
#trying: [14, 60, 21, 63, 10, 92]
152	1       161183962
#trying: [14, 60, 21, 63, 92, 10]
153	1       161874377
#trying: [14, 60, 21, 92, 10, 63]
154	1       164277580
#trying: [14, 60, 21, 92, 63, 10]
155	1       163506185
#trying: [14, 60, 63, 10, 21, 92]
156	1       38904017
#trying: [14, 60, 63, 10, 92, 21]
157	1       38937784
#trying: [14, 60, 63, 21, 10, 92]
158	1       40123904
#trying: [14, 60, 63, 21, 92, 10]
159	1       40696788
#trying: [14, 60, 63, 92, 10, 21]
160	1       165352440
#trying: [14, 60, 63, 92, 21, 10]
161	1       161709108
#trying: [14, 60, 92, 10, 21, 63]
162	1       166170829
#trying: [14, 60, 92, 10, 63, 21]
163	1       155745109
#trying: [14, 60, 92, 21, 10, 63]
164	1       166851957
#trying: [14, 60, 92, 21, 63, 10]
165	1       167482664
#trying: [14, 60, 92, 63, 10, 21]
166	1       170807640
#trying: [14, 60, 92, 63, 21, 10]
167	1       166743728
#trying: [14, 63, 10, 21, 60, 92]
168	1       1434143806
#trying: [14, 63, 10, 21, 92, 60]
169	1       1410704703
#trying: [14, 63, 10, 60, 21, 92]
170	1       1362975346
#trying: [14, 63, 10, 60, 92, 21]
171	1       1378020015
#trying: [14, 63, 10, 92, 21, 60]
172	1       1390966443
#trying: [14, 63, 10, 92, 60, 21]
173	1       1367165871
#trying: [14, 63, 21, 10, 60, 92]
174	1       1565368662
#trying: [14, 63, 21, 10, 92, 60]
175	1       1982823505
#trying: [14, 63, 21, 60, 10, 92]
176	1       1737893959
#trying: [14, 63, 21, 60, 92, 10]
177	1       1576224852
#trying: [14, 63, 21, 92, 10, 60]
178	1       1427849202
#trying: [14, 63, 21, 92, 60, 10]
179	1       1587772590
#trying: [14, 63, 60, 10, 21, 92]
180	1       1578581248
#trying: [14, 63, 60, 10, 92, 21]
181	1       1581639556
#trying: [14, 63, 60, 21, 10, 92]
182	1       1796949609
#trying: [14, 63, 60, 21, 92, 10]
183	1       1256326061
#trying: [14, 63, 60, 92, 10, 21]
184	1       1247983615
#trying: [14, 63, 60, 92, 21, 10]
185	1       1405285594
#trying: [14, 63, 92, 10, 21, 60]
186	1       1379376666
#trying: [14, 63, 92, 10, 60, 21]
187	1       1388526080
#trying: [14, 63, 92, 21, 10, 60]
188	1       1532805236
#trying: [14, 63, 92, 21, 60, 10]
189	1       1382375888
#trying: [14, 63, 92, 60, 10, 21]
190	1       1391099630
#trying: [14, 63, 92, 60, 21, 10]
191	1       1411663730
#trying: [14, 92, 10, 21, 60, 63]
192	1       40510850
#trying: [14, 92, 10, 21, 63, 60]
193	1       36771256
#trying: [14, 92, 10, 60, 21, 63]
194	1       157108073
#trying: [14, 92, 10, 60, 63, 21]
195	1       166264051
#trying: [14, 92, 10, 63, 21, 60]
196	1       154022987
#trying: [14, 92, 10, 63, 60, 21]
197	1       38713775
#trying: [14, 92, 21, 10, 60, 63]
198	1       51688534
#trying: [14, 92, 21, 10, 63, 60]
199	1       39005250
#trying: [14, 92, 21, 60, 10, 63]
200	1       39099465
#trying: [14, 92, 21, 60, 63, 10]
201	1       35113089
#trying: [14, 92, 21, 63, 10, 60]
202	1       160347700
#trying: [14, 92, 21, 63, 60, 10]
203	1       158214997
#trying: [14, 92, 60, 10, 21, 63]
204	1       154185185
#trying: [14, 92, 60, 10, 63, 21]
205	1       37663097
#trying: [14, 92, 60, 21, 10, 63]
206	1       43119555
#trying: [14, 92, 60, 21, 63, 10]
207	1       42628156
#trying: [14, 92, 60, 63, 10, 21]
208	1       46081573
#trying: [14, 92, 60, 63, 21, 10]
209	1       45624028
#trying: [14, 92, 63, 10, 21, 60]
210	1       1635341989
#trying: [14, 92, 63, 10, 60, 21]
211	1       1419280672
#trying: [14, 92, 63, 21, 10, 60]
212	1       1397965466
#trying: [14, 92, 63, 21, 60, 10]
213	1       1394739411
#trying: [14, 92, 63, 60, 10, 21]
214	1       1548510486
#trying: [14, 92, 63, 60, 21, 10]
215	1       1579520327
#trying: [21, 10, 14, 60, 63, 92]
216	1       163298614
#trying: [21, 10, 14, 60, 92, 63]
217	1       34279853
#trying: [21, 10, 14, 63, 60, 92]
218	1       34605353
#trying: [21, 10, 14, 63, 92, 60]
219	1       41518121
#trying: [21, 10, 14, 92, 60, 63]
220	1       52408783
#trying: [21, 10, 14, 92, 63, 60]
221	1       45878346
#trying: [21, 10, 60, 14, 63, 92]
222	1       56612446
#trying: [21, 10, 60, 14, 92, 63]
223	1       41137250
#trying: [21, 10, 60, 63, 14, 92]
224	1       36387029
#trying: [21, 10, 60, 63, 92, 14]
225	1       166889092
#trying: [21, 10, 60, 92, 14, 63]
226	1       45074635
#trying: [21, 10, 60, 92, 63, 14]
227	1       160555567
#trying: [21, 10, 63, 14, 60, 92]
228	1       156582067
#trying: [21, 10, 63, 14, 92, 60]
229	1       35154383
#trying: [21, 10, 63, 60, 14, 92]
230	1       49481747
#trying: [21, 10, 63, 60, 92, 14]
231	1       37943387
#trying: [21, 10, 63, 92, 14, 60]
232	1       35846546
#trying: [21, 10, 63, 92, 60, 14]
233	1       158698917
#trying: [21, 10, 92, 14, 60, 63]
234	1       160198151
#trying: [21, 10, 92, 14, 63, 60]
235	1       162108674
#trying: [21, 10, 92, 60, 14, 63]
236	1       159724402
#trying: [21, 10, 92, 60, 63, 14]
237	1       161132729
#trying: [21, 10, 92, 63, 14, 60]
238	1       33465442
#trying: [21, 10, 92, 63, 60, 14]
239	1       34395736
#trying: [21, 14, 10, 60, 63, 92]
240	1       35122673
#trying: [21, 14, 10, 60, 92, 63]
241	1       165496876
#trying: [21, 14, 10, 63, 60, 92]
242	1       159673903
#trying: [21, 14, 10, 63, 92, 60]
243	1       154100424
#trying: [21, 14, 10, 92, 60, 63]
244	1       45122673
#trying: [21, 14, 10, 92, 63, 60]
245	1       175997389
#trying: [21, 14, 60, 10, 63, 92]
246	1       35416930
#trying: [21, 14, 60, 10, 92, 63]
247	1       50698838
#trying: [21, 14, 60, 63, 10, 92]
248	1       38140306
#trying: [21, 14, 60, 63, 92, 10]
249	1       44388802
#trying: [21, 14, 60, 92, 10, 63]
250	1       33515181
#trying: [21, 14, 60, 92, 63, 10]
251	1       36879496
#trying: [21, 14, 63, 10, 60, 92]
252	1       157030246
#trying: [21, 14, 63, 10, 92, 60]
253	1       160908060
#trying: [21, 14, 63, 60, 10, 92]
254	1       157012948
#trying: [21, 14, 63, 60, 92, 10]
255	1       161279635
#trying: [21, 14, 63, 92, 10, 60]
256	1       165975783
#trying: [21, 14, 63, 92, 60, 10]
257	1       160434941
#trying: [21, 14, 92, 10, 60, 63]
258	1       37828831
#trying: [21, 14, 92, 10, 63, 60]
259	1       40631361
#trying: [21, 14, 92, 60, 10, 63]
260	1       49211895
#trying: [21, 14, 92, 60, 63, 10]
261	1       51046882
#trying: [21, 14, 92, 63, 10, 60]
262	1       33557832
#trying: [21, 14, 92, 63, 60, 10]
263	1       39550278
#trying: [21, 60, 10, 14, 63, 92]
264	1       155969104
#trying: [21, 60, 10, 14, 92, 63]
265	1       176467416
#trying: [21, 60, 10, 63, 14, 92]
266	1       158683779
#trying: [21, 60, 10, 63, 92, 14]
267	1       171406101
#trying: [21, 60, 10, 92, 14, 63]
268	1       165155904
#trying: [21, 60, 10, 92, 63, 14]
269	1       164162127
#trying: [21, 60, 14, 10, 63, 92]
270	1       168235788
#trying: [21, 60, 14, 10, 92, 63]
271	1       158397353
#trying: [21, 60, 14, 63, 10, 92]
272	1       172155770
#trying: [21, 60, 14, 63, 92, 10]
273	1       173004274
#trying: [21, 60, 14, 92, 10, 63]
274	1       169342773
#trying: [21, 60, 14, 92, 63, 10]
275	1       168040187
#trying: [21, 60, 63, 10, 14, 92]
276	1       169239351
#trying: [21, 60, 63, 10, 92, 14]
277	1       178817676
#trying: [21, 60, 63, 14, 10, 92]
278	1       161127187
#trying: [21, 60, 63, 14, 92, 10]
279	1       167721347
#trying: [21, 60, 63, 92, 10, 14]
280	1       169289024
#trying: [21, 60, 63, 92, 14, 10]
281	1       163179328
#trying: [21, 60, 92, 10, 14, 63]
282	1       161268058
#trying: [21, 60, 92, 10, 63, 14]
283	1       38953516
#trying: [21, 60, 92, 14, 10, 63]
284	1       45414800
#trying: [21, 60, 92, 14, 63, 10]
285	1       43512874
#trying: [21, 60, 92, 63, 10, 14]
286	1       51951915
#trying: [21, 60, 92, 63, 14, 10]
287	1       37468931
#trying: [21, 63, 10, 14, 60, 92]
288	1       37500336
#trying: [21, 63, 10, 14, 92, 60]
289	1       164110124
#trying: [21, 63, 10, 60, 14, 92]
290	1       159075786
#trying: [21, 63, 10, 60, 92, 14]
291	1       159603719
#trying: [21, 63, 10, 92, 14, 60]
292	1       34354279
#trying: [21, 63, 10, 92, 60, 14]
293	1       37989683
#trying: [21, 63, 14, 10, 60, 92]
294	1       34214760
#trying: [21, 63, 14, 10, 92, 60]
295	1       39763166
#trying: [21, 63, 14, 60, 10, 92]
296	1       162469712
#trying: [21, 63, 14, 60, 92, 10]
297	1       164555755
#trying: [21, 63, 14, 92, 10, 60]
298	1       158740277
#trying: [21, 63, 14, 92, 60, 10]
299	1       164374679
#trying: [21, 63, 60, 10, 14, 92]
300	1       157026192
#trying: [21, 63, 60, 10, 92, 14]
301	1       164880697
#trying: [21, 63, 60, 14, 10, 92]
302	1       39830809
#trying: [21, 63, 60, 14, 92, 10]
303	1       47929326
#trying: [21, 63, 60, 92, 10, 14]
304	1       38007657
#trying: [21, 63, 60, 92, 14, 10]
305	1       36312435
#trying: [21, 63, 92, 10, 14, 60]
306	1       158223884
#trying: [21, 63, 92, 10, 60, 14]
307	1       156234324
#trying: [21, 63, 92, 14, 10, 60]
308	1       165547801
#trying: [21, 63, 92, 14, 60, 10]
309	1       156850052
#trying: [21, 63, 92, 60, 10, 14]
310	1       35784409
#trying: [21, 63, 92, 60, 14, 10]
311	1       175184746
#trying: [21, 92, 10, 14, 60, 63]
312	1       164099924
#trying: [21, 92, 10, 14, 63, 60]
313	1       170341731
#trying: [21, 92, 10, 60, 14, 63]
314	1       164086478
#trying: [21, 92, 10, 60, 63, 14]
315	1       165902584
#trying: [21, 92, 10, 63, 14, 60]
316	1       166742373
#trying: [21, 92, 10, 63, 60, 14]
317	1       40835107
#trying: [21, 92, 14, 10, 60, 63]
318	1       168822066
#trying: [21, 92, 14, 10, 63, 60]
319	1       36864241
#trying: [21, 92, 14, 60, 10, 63]
320	1       52645339
#trying: [21, 92, 14, 60, 63, 10]
321	1       42366410
#trying: [21, 92, 14, 63, 10, 60]
322	1       42703011
#trying: [21, 92, 14, 63, 60, 10]
323	1       53567231
#trying: [21, 92, 60, 10, 14, 63]
324	1       43079914
#trying: [21, 92, 60, 10, 63, 14]
325	1       44319933
#trying: [21, 92, 60, 14, 10, 63]
326	1       43946741
#trying: [21, 92, 60, 14, 63, 10]
327	1       34238388
#trying: [21, 92, 60, 63, 10, 14]
328	1       55669913
#trying: [21, 92, 60, 63, 14, 10]
329	1       37417241
#trying: [21, 92, 63, 10, 14, 60]
330	1       45466989
#trying: [21, 92, 63, 10, 60, 14]
331	1       40098587
#trying: [21, 92, 63, 14, 10, 60]
332	1       57357976
#trying: [21, 92, 63, 14, 60, 10]
333	1       45249520
#trying: [21, 92, 63, 60, 10, 14]
334	1       38865803
#trying: [21, 92, 63, 60, 14, 10]
335	1       160975485
#trying: [60, 10, 14, 21, 63, 92]
336	1       182822033
#trying: [60, 10, 14, 21, 92, 63]
337	1       158552245
#trying: [60, 10, 14, 63, 21, 92]
338	1       164859332
#trying: [60, 10, 14, 63, 92, 21]
339	1       155877165
#trying: [60, 10, 14, 92, 21, 63]
340	1       168121393
#trying: [60, 10, 14, 92, 63, 21]
341	1       158407816
#trying: [60, 10, 21, 14, 63, 92]
342	1       39848440
#trying: [60, 10, 21, 14, 92, 63]
343	1       35252448
#trying: [60, 10, 21, 63, 14, 92]
344	1       36672258
#trying: [60, 10, 21, 63, 92, 14]
345	1       53159623
#trying: [60, 10, 21, 92, 14, 63]
346	1       50145556
#trying: [60, 10, 21, 92, 63, 14]
347	1       36964568
#trying: [60, 10, 63, 14, 21, 92]
348	1       162423379
#trying: [60, 10, 63, 14, 92, 21]
349	1       173498314
#trying: [60, 10, 63, 21, 14, 92]
350	1       162558457
#trying: [60, 10, 63, 21, 92, 14]
351	1       157550813
#trying: [60, 10, 63, 92, 14, 21]
352	1       162968438
#trying: [60, 10, 63, 92, 21, 14]
353	1       174845423
#trying: [60, 10, 92, 14, 21, 63]
354	1       155275629
#trying: [60, 10, 92, 14, 63, 21]
355	1       49805841
#trying: [60, 10, 92, 21, 14, 63]
356	1       42644851
#trying: [60, 10, 92, 21, 63, 14]
357	1       48821423
#trying: [60, 10, 92, 63, 14, 21]
358	1       40548173
#trying: [60, 10, 92, 63, 21, 14]
359	1       53534712
#trying: [60, 14, 10, 21, 63, 92]
360	1       176630576
#trying: [60, 14, 10, 21, 92, 63]
361	1       43338724
#trying: [60, 14, 10, 63, 21, 92]
362	1       46106289
#trying: [60, 14, 10, 63, 92, 21]
363	1       42237118
#trying: [60, 14, 10, 92, 21, 63]
364	1       41237839
#trying: [60, 14, 10, 92, 63, 21]
365	1       49537555
#trying: [60, 14, 21, 10, 63, 92]
366	1       53993231
#trying: [60, 14, 21, 10, 92, 63]
367	1       39996578
#trying: [60, 14, 21, 63, 10, 92]
368	1       45752331
#trying: [60, 14, 21, 63, 92, 10]
369	1       38895060
#trying: [60, 14, 21, 92, 10, 63]
370	1       163227411
#trying: [60, 14, 21, 92, 63, 10]
371	1       167388281
#trying: [60, 14, 63, 10, 21, 92]
372	1       48464988
#trying: [60, 14, 63, 10, 92, 21]
373	1       39989426
#trying: [60, 14, 63, 21, 10, 92]
374	1       48661222
#trying: [60, 14, 63, 21, 92, 10]
375	1       49919594
#trying: [60, 14, 63, 92, 10, 21]
376	1       41288199
#trying: [60, 14, 63, 92, 21, 10]
377	1       54460436
#trying: [60, 14, 92, 10, 21, 63]
378	1       46871471
#trying: [60, 14, 92, 10, 63, 21]
379	1       45443851
#trying: [60, 14, 92, 21, 10, 63]
380	1       177142194
#trying: [60, 14, 92, 21, 63, 10]
381	1       169907336
#trying: [60, 14, 92, 63, 10, 21]
382	1       164684393
#trying: [60, 14, 92, 63, 21, 10]
383	1       41889458
#trying: [60, 21, 10, 14, 63, 92]
384	1       38444246
#trying: [60, 21, 10, 14, 92, 63]
385	1       43842363
#trying: [60, 21, 10, 63, 14, 92]
386	1       51239899
#trying: [60, 21, 10, 63, 92, 14]
387	1       39095858
#trying: [60, 21, 10, 92, 14, 63]
388	1       40447312
#trying: [60, 21, 10, 92, 63, 14]
389	1       51017572
#trying: [60, 21, 14, 10, 63, 92]
390	1       59174953
#trying: [60, 21, 14, 10, 92, 63]
391	1       57725033
#trying: [60, 21, 14, 63, 10, 92]
392	1       41569244
#trying: [60, 21, 14, 63, 92, 10]
393	1       38335601
#trying: [60, 21, 14, 92, 10, 63]
394	1       41355884
#trying: [60, 21, 14, 92, 63, 10]
395	1       45212179
#trying: [60, 21, 63, 10, 14, 92]
396	1       159428264
#trying: [60, 21, 63, 10, 92, 14]
397	1       155369018
#trying: [60, 21, 63, 14, 10, 92]
398	1       169639571
#trying: [60, 21, 63, 14, 92, 10]
399	1       162567417
#trying: [60, 21, 63, 92, 10, 14]
400	1       162632762
#trying: [60, 21, 63, 92, 14, 10]
401	1       162657966
#trying: [60, 21, 92, 10, 14, 63]
402	1       168128163
#trying: [60, 21, 92, 10, 63, 14]
403	1       33686646
#trying: [60, 21, 92, 14, 10, 63]
404	1       44045370
#trying: [60, 21, 92, 14, 63, 10]
405	1       49489909
#trying: [60, 21, 92, 63, 10, 14]
406	1       50760408
#trying: [60, 21, 92, 63, 14, 10]
407	1       176737683
#trying: [60, 63, 10, 14, 21, 92]
408	1       36135628
#trying: [60, 63, 10, 14, 92, 21]
409	1       42731274
#trying: [60, 63, 10, 21, 14, 92]
410	1       48510341
#trying: [60, 63, 10, 21, 92, 14]
411	1       44899591
#trying: [60, 63, 10, 92, 14, 21]
412	1       52650637
#trying: [60, 63, 10, 92, 21, 14]
413	1       50444186
#trying: [60, 63, 14, 10, 21, 92]
414	1       40092602
#trying: [60, 63, 14, 10, 92, 21]
415	1       46809380
#trying: [60, 63, 14, 21, 10, 92]
416	1       56917641
#trying: [60, 63, 14, 21, 92, 10]
417	1       175524149
#trying: [60, 63, 14, 92, 10, 21]
418	1       164151250
#trying: [60, 63, 14, 92, 21, 10]
419	1       41543420
#trying: [60, 63, 21, 10, 14, 92]
420	1       43487782
#trying: [60, 63, 21, 10, 92, 14]
421	1       46216837
#trying: [60, 63, 21, 14, 10, 92]
422	1       42472496
#trying: [60, 63, 21, 14, 92, 10]
423	1       45123381
#trying: [60, 63, 21, 92, 10, 14]
424	1       38583631
#trying: [60, 63, 21, 92, 14, 10]
425	1       171860225
#trying: [60, 63, 92, 10, 14, 21]
426	1       161446468
#trying: [60, 63, 92, 10, 21, 14]
427	1       165504419
#trying: [60, 63, 92, 14, 10, 21]
428	1       164133007
#trying: [60, 63, 92, 14, 21, 10]
429	1       163047476
#trying: [60, 63, 92, 21, 10, 14]
430	1       160672148
#trying: [60, 63, 92, 21, 14, 10]
431	1       36328073
#trying: [60, 92, 10, 14, 21, 63]
432	1       39929585
#trying: [60, 92, 10, 14, 63, 21]
433	1       36952220
#trying: [60, 92, 10, 21, 14, 63]
434	1       48290045
#trying: [60, 92, 10, 21, 63, 14]
435	1       43767375
#trying: [60, 92, 10, 63, 14, 21]
436	1       37966621
#trying: [60, 92, 10, 63, 21, 14]
437	1       160815028
#trying: [60, 92, 14, 10, 21, 63]
438	1       163967918
#trying: [60, 92, 14, 10, 63, 21]
439	1       167291559
#trying: [60, 92, 14, 21, 10, 63]
440	1       161557174
#trying: [60, 92, 14, 21, 63, 10]
441	1       34597166
#trying: [60, 92, 14, 63, 10, 21]
442	1       41360010
#trying: [60, 92, 14, 63, 21, 10]
443	1       39157866
#trying: [60, 92, 21, 10, 14, 63]
444	1       39301384
#trying: [60, 92, 21, 10, 63, 14]
445	1       157839864
#trying: [60, 92, 21, 14, 10, 63]
446	1       160799896
#trying: [60, 92, 21, 14, 63, 10]
447	1       33622021
#trying: [60, 92, 21, 63, 10, 14]
448	1       34398125
#trying: [60, 92, 21, 63, 14, 10]
449	1       39525145
#trying: [60, 92, 63, 10, 14, 21]
450	1       35311397
#trying: [60, 92, 63, 10, 21, 14]
451	1       160619610
#trying: [60, 92, 63, 14, 10, 21]
452	1       156596487
#trying: [60, 92, 63, 14, 21, 10]
453	1       42535502
#trying: [60, 92, 63, 21, 10, 14]
454	1       38043137
#trying: [60, 92, 63, 21, 14, 10]
455	1       47628669
#trying: [63, 10, 14, 21, 60, 92]
456	1       1442356800
#trying: [63, 10, 14, 21, 92, 60]
457	1       1423096621
#trying: [63, 10, 14, 60, 21, 92]
458	1       1380254493
#trying: [63, 10, 14, 60, 92, 21]
459	1       1579304106
#trying: [63, 10, 14, 92, 21, 60]
460	1       1401413964
#trying: [63, 10, 14, 92, 60, 21]
461	1       1401509291
#trying: [63, 10, 21, 14, 60, 92]
462	1       1411303609
#trying: [63, 10, 21, 14, 92, 60]
463	1       1596279183
#trying: [63, 10, 21, 60, 14, 92]
464	1       1599636853
#trying: [63, 10, 21, 60, 92, 14]
465	1       1443446997
#trying: [63, 10, 21, 92, 14, 60]
466	1       1423156601
#trying: [63, 10, 21, 92, 60, 14]
467	1       1545431166
#trying: [63, 10, 60, 14, 21, 92]
468	1       1394390380
#trying: [63, 10, 60, 14, 92, 21]
469	1       1245717924
#trying: [63, 10, 60, 21, 14, 92]
470	1       1414804057
#trying: [63, 10, 60, 21, 92, 14]
471	1       1404626883
#trying: [63, 10, 60, 92, 14, 21]
472	1       1400668919
#trying: [63, 10, 60, 92, 21, 14]
473	1       1243669765
#trying: [63, 10, 92, 14, 21, 60]
474	1       1410335416
#trying: [63, 10, 92, 14, 60, 21]
475	1       1384479013
#trying: [63, 10, 92, 21, 14, 60]
476	1       1340258060
#trying: [63, 10, 92, 21, 60, 14]
477	1       1376002590
#trying: [63, 10, 92, 60, 14, 21]
478	1       1577409823
#trying: [63, 10, 92, 60, 21, 14]
479	1       1391770505
#trying: [63, 14, 10, 21, 60, 92]
480	1       1405694630
#trying: [63, 14, 10, 21, 92, 60]
481	1       1558078008
#trying: [63, 14, 10, 60, 21, 92]
482	1       1434754585
#trying: [63, 14, 10, 60, 92, 21]
483	1       1441421114
#trying: [63, 14, 10, 92, 21, 60]
484	1       1586124120
#trying: [63, 14, 10, 92, 60, 21]
485	1       1395314516
#trying: [63, 14, 21, 10, 60, 92]
486	1       1372535549
#trying: [63, 14, 21, 10, 92, 60]
487	1       1551321293
#trying: [63, 14, 21, 60, 10, 92]
488	1       1380918497
#trying: [63, 14, 21, 60, 92, 10]
489	1       1375663519
#trying: [63, 14, 21, 92, 10, 60]
490	1       1394626305
#trying: [63, 14, 21, 92, 60, 10]
491	1       1389125901
#trying: [63, 14, 60, 10, 21, 92]
492	1       1375432758
#trying: [63, 14, 60, 10, 92, 21]
493	1       1398761180
#trying: [63, 14, 60, 21, 10, 92]
494	1       1541324243
#trying: [63, 14, 60, 21, 92, 10]
495	1       1385587070
#trying: [63, 14, 60, 92, 10, 21]
496	1       1399697241
#trying: [63, 14, 60, 92, 21, 10]
497	1       1535650960
#trying: [63, 14, 92, 10, 21, 60]
498	1       1240112908
#trying: [63, 14, 92, 10, 60, 21]
499	1       1405691099
#trying: [63, 14, 92, 21, 10, 60]
500	1       1382402807
#trying: [63, 14, 92, 21, 60, 10]
501	1       1381403758
#trying: [63, 14, 92, 60, 10, 21]
502	1       1273966461
#trying: [63, 14, 92, 60, 21, 10]
503	1       1381735903
#trying: [63, 21, 10, 14, 60, 92]
504	1       1379660095
#trying: [63, 21, 10, 14, 92, 60]
505	1       1377802414
#trying: [63, 21, 10, 60, 14, 92]
506	1       1381564242
#trying: [63, 21, 10, 60, 92, 14]
507	1       1368163273
#trying: [63, 21, 10, 92, 14, 60]
508	1       1401346808
#trying: [63, 21, 10, 92, 60, 14]
509	1       1253521392
#trying: [63, 21, 14, 10, 60, 92]
510	1       1243096193
#trying: [63, 21, 14, 10, 92, 60]
511	1       1238268567
#trying: [63, 21, 14, 60, 10, 92]
512	1       1404758666
#trying: [63, 21, 14, 60, 92, 10]
513	1       1422072256
#trying: [63, 21, 14, 92, 10, 60]
514	1       1552018229
#trying: [63, 21, 14, 92, 60, 10]
515	1       1375964237
#trying: [63, 21, 60, 10, 14, 92]
516	1       1392937844
#trying: [63, 21, 60, 10, 92, 14]
517	1       1232931202
#trying: [63, 21, 60, 14, 10, 92]
518	1       1388464926
#trying: [63, 21, 60, 14, 92, 10]
519	1       1232789824
#trying: [63, 21, 60, 92, 10, 14]
520	1       1369767554
#trying: [63, 21, 60, 92, 14, 10]
521	1       1576167801
#trying: [63, 21, 92, 10, 14, 60]
522	1       1419536889
#trying: [63, 21, 92, 10, 60, 14]
523	1       1381383772
#trying: [63, 21, 92, 14, 10, 60]
524	1       1532721438
#trying: [63, 21, 92, 14, 60, 10]
525	1       1400604404
#trying: [63, 21, 92, 60, 10, 14]
526	1       1827623292
#trying: [63, 21, 92, 60, 14, 10]
527	1       1779877208
#trying: [63, 60, 10, 14, 21, 92]
528	1       1591850563
#trying: [63, 60, 10, 14, 92, 21]
529	1       1785168244
#trying: [63, 60, 10, 21, 14, 92]
530	1       1767238318
#trying: [63, 60, 10, 21, 92, 14]
531	1       1768213786
#trying: [63, 60, 10, 92, 14, 21]
532	1       1387940498
#trying: [63, 60, 10, 92, 21, 14]
533	1       1392282532
#trying: [63, 60, 14, 10, 21, 92]
534	1       1256606127
#trying: [63, 60, 14, 10, 92, 21]
535	1       1455738064
#trying: [63, 60, 14, 21, 10, 92]
536	1       1405379052
#trying: [63, 60, 14, 21, 92, 10]
537	1       1362940982
#trying: [63, 60, 14, 92, 10, 21]
538	1       1376365025
#trying: [63, 60, 14, 92, 21, 10]
539	1       1397646320
#trying: [63, 60, 21, 10, 14, 92]
540	1       1357624354
#trying: [63, 60, 21, 10, 92, 14]
541	1       1390314324
#trying: [63, 60, 21, 14, 10, 92]
542	1       1404325932
#trying: [63, 60, 21, 14, 92, 10]
543	1       1409569937
#trying: [63, 60, 21, 92, 10, 14]
544	1       1408054365
#trying: [63, 60, 21, 92, 14, 10]
545	1       1220291270
#trying: [63, 60, 92, 10, 14, 21]
546	1       1258525668
#trying: [63, 60, 92, 10, 21, 14]
547	1       1256867009
#trying: [63, 60, 92, 14, 10, 21]
548	1       1248258480
#trying: [63, 60, 92, 14, 21, 10]
549	1       1422194559
#trying: [63, 60, 92, 21, 10, 14]
550	1       1400845419
#trying: [63, 60, 92, 21, 14, 10]
551	1       1440176030
#trying: [63, 92, 10, 14, 21, 60]
552	1       1419097667
#trying: [63, 92, 10, 14, 60, 21]
553	1       1600146990
#trying: [63, 92, 10, 21, 14, 60]
554	1       1425117744
#trying: [63, 92, 10, 21, 60, 14]
555	1       1467528868
#trying: [63, 92, 10, 60, 14, 21]
556	1       1583208292
#trying: [63, 92, 10, 60, 21, 14]
557	1       1244960477
#trying: [63, 92, 14, 10, 21, 60]
558	1       1570895761
#trying: [63, 92, 14, 10, 60, 21]
559	1       1384638229
#trying: [63, 92, 14, 21, 10, 60]
560	1       1405010102
#trying: [63, 92, 14, 21, 60, 10]
561	1       1443358894
#trying: [63, 92, 14, 60, 10, 21]
562	1       1401590160
#trying: [63, 92, 14, 60, 21, 10]
563	1       1559059482
#trying: [63, 92, 21, 10, 14, 60]
564	1       1253905897
#trying: [63, 92, 21, 10, 60, 14]
565	1       1404502671
#trying: [63, 92, 21, 14, 10, 60]
566	1       1396737418
#trying: [63, 92, 21, 14, 60, 10]
567	1       1454708514
#trying: [63, 92, 21, 60, 10, 14]
568	1       1254801295
#trying: [63, 92, 21, 60, 14, 10]
569	1       1576350058
#trying: [63, 92, 60, 10, 14, 21]
570	1       1385183427
#trying: [63, 92, 60, 10, 21, 14]
571	1       1585403655
#trying: [63, 92, 60, 14, 10, 21]
572	1       1810592477
#trying: [63, 92, 60, 14, 21, 10]
573	1       1847701676
#trying: [63, 92, 60, 21, 10, 14]
574	1       1813267152
#trying: [63, 92, 60, 21, 14, 10]
575	1       1637992104
#trying: [92, 10, 14, 21, 60, 63]
576	1       163825573
#trying: [92, 10, 14, 21, 63, 60]
577	1       167303866
#trying: [92, 10, 14, 60, 21, 63]
578	1       164774766
#trying: [92, 10, 14, 60, 63, 21]
579	1       158204809
#trying: [92, 10, 14, 63, 21, 60]
580	1       170114304
#trying: [92, 10, 14, 63, 60, 21]
581	1       71934632
#trying: [92, 10, 21, 14, 60, 63]
582	1       55286775
#trying: [92, 10, 21, 14, 63, 60]
583	1       55512661
#trying: [92, 10, 21, 60, 14, 63]
584	1       167115762
#trying: [92, 10, 21, 60, 63, 14]
585	1       169645679
#trying: [92, 10, 21, 63, 14, 60]
586	1       169110664
#trying: [92, 10, 21, 63, 60, 14]
587	1       165100408
#trying: [92, 10, 60, 14, 21, 63]
588	1       169681474
#trying: [92, 10, 60, 14, 63, 21]
589	1       161791298
#trying: [92, 10, 60, 21, 14, 63]
590	1       43178971
#trying: [92, 10, 60, 21, 63, 14]
591	1       38728389
#trying: [92, 10, 60, 63, 14, 21]
592	1       41141535
#trying: [92, 10, 60, 63, 21, 14]
593	1       41507216
#trying: [92, 10, 63, 14, 21, 60]
594	1       52315940
#trying: [92, 10, 63, 14, 60, 21]
595	1       59793537
#trying: [92, 10, 63, 21, 14, 60]
596	1       176956759
#trying: [92, 10, 63, 21, 60, 14]
597	1       162918499
#trying: [92, 10, 63, 60, 14, 21]
598	1       191261593
#trying: [92, 10, 63, 60, 21, 14]
599	1       167809387
#trying: [92, 14, 10, 21, 60, 63]
600	1       161829644
#trying: [92, 14, 10, 21, 63, 60]
601	1       158639131
#trying: [92, 14, 10, 60, 21, 63]
602	1       35569840
#trying: [92, 14, 10, 60, 63, 21]
603	1       40899322
#trying: [92, 14, 10, 63, 21, 60]
604	1       43389555
#trying: [92, 14, 10, 63, 60, 21]
605	1       41712285
#trying: [92, 14, 21, 10, 60, 63]
606	1       37813780
#trying: [92, 14, 21, 10, 63, 60]
607	1       158228896
#trying: [92, 14, 21, 60, 10, 63]
608	1       159845861
#trying: [92, 14, 21, 60, 63, 10]
609	1       35610457
#trying: [92, 14, 21, 63, 10, 60]
610	1       40086618
#trying: [92, 14, 21, 63, 60, 10]
611	1       35788545
#trying: [92, 14, 60, 10, 21, 63]
612	1       37629064
#trying: [92, 14, 60, 10, 63, 21]
613	1       160599844
#trying: [92, 14, 60, 21, 10, 63]
614	1       158982299
#trying: [92, 14, 60, 21, 63, 10]
615	1       39433331
#trying: [92, 14, 60, 63, 10, 21]
616	1       46817582
#trying: [92, 14, 60, 63, 21, 10]
617	1       34833054
#trying: [92, 14, 63, 10, 21, 60]
618	1       1442071310
#trying: [92, 14, 63, 10, 60, 21]
619	1       1539558356
#trying: [92, 14, 63, 21, 10, 60]
620	1       1412278637
#trying: [92, 14, 63, 21, 60, 10]
621	1       1403025023
#trying: [92, 14, 63, 60, 10, 21]
622	1       1411450871
#trying: [92, 14, 63, 60, 21, 10]
623	1       1397138877
#trying: [92, 21, 10, 14, 60, 63]
624	1       43669197
#trying: [92, 21, 10, 14, 63, 60]
625	1       35010939
#trying: [92, 21, 10, 60, 14, 63]
626	1       46945606
#trying: [92, 21, 10, 60, 63, 14]
627	1       50238198
#trying: [92, 21, 10, 63, 14, 60]
628	1       41761796
#trying: [92, 21, 10, 63, 60, 14]
629	1       44046451
#trying: [92, 21, 14, 10, 60, 63]
630	1       36919521
#trying: [92, 21, 14, 10, 63, 60]
631	1       38412251
#trying: [92, 21, 14, 60, 10, 63]
632	1       156753744
#trying: [92, 21, 14, 60, 63, 10]
633	1       172226299
#trying: [92, 21, 14, 63, 10, 60]
634	1       154613563
#trying: [92, 21, 14, 63, 60, 10]
635	1       35452877
#trying: [92, 21, 60, 10, 14, 63]
636	1       42262077
#trying: [92, 21, 60, 10, 63, 14]
637	1       47272797
#trying: [92, 21, 60, 14, 10, 63]
638	1       42661334
#trying: [92, 21, 60, 14, 63, 10]
639	1       34896831
#trying: [92, 21, 60, 63, 10, 14]
640	1       38453437
#trying: [92, 21, 60, 63, 14, 10]
641	1       36370061
#trying: [92, 21, 63, 10, 14, 60]
642	1       41935127
#trying: [92, 21, 63, 10, 60, 14]
643	1       35077806
#trying: [92, 21, 63, 14, 10, 60]
644	1       160604786
#trying: [92, 21, 63, 14, 60, 10]
645	1       161050218
#trying: [92, 21, 63, 60, 10, 14]
646	1       171088401
#trying: [92, 21, 63, 60, 14, 10]
647	1       165371624
#trying: [92, 60, 10, 14, 21, 63]
648	1       171700402
#trying: [92, 60, 10, 14, 63, 21]
649	1       162392671
#trying: [92, 60, 10, 21, 14, 63]
650	1       164643915
#trying: [92, 60, 10, 21, 63, 14]
651	1       174866723
#trying: [92, 60, 10, 63, 14, 21]
652	1       158464566
#trying: [92, 60, 10, 63, 21, 14]
653	1       168133816
#trying: [92, 60, 14, 10, 21, 63]
654	1       161327437
#trying: [92, 60, 14, 10, 63, 21]
655	1       160689225
#trying: [92, 60, 14, 21, 10, 63]
656	1       173269505
#trying: [92, 60, 14, 21, 63, 10]
657	1       171130866
#trying: [92, 60, 14, 63, 10, 21]
658	1       159637468
#trying: [92, 60, 14, 63, 21, 10]
659	1       36326800
#trying: [92, 60, 21, 10, 14, 63]
660	1       37592575
#trying: [92, 60, 21, 10, 63, 14]
661	1       56700121
#trying: [92, 60, 21, 14, 10, 63]
662	1       182458346
#trying: [92, 60, 21, 14, 63, 10]
663	1       37652144
#trying: [92, 60, 21, 63, 10, 14]
664	1       46906897
#trying: [92, 60, 21, 63, 14, 10]
665	1       39844131
#trying: [92, 60, 63, 10, 14, 21]
666	1       183848489
#trying: [92, 60, 63, 10, 21, 14]
667	1       43628983
#trying: [92, 60, 63, 14, 10, 21]
668	1       45845858
#trying: [92, 60, 63, 14, 21, 10]
669	1       37456923
#trying: [92, 60, 63, 21, 10, 14]
670	1       37081234
#trying: [92, 60, 63, 21, 14, 10]
671	1       44185137
#trying: [92, 63, 10, 14, 21, 60]
672	1       1735384104
#trying: [92, 63, 10, 14, 60, 21]
673	1       1381214776
#trying: [92, 63, 10, 21, 14, 60]
674	1       1389775446
#trying: [92, 63, 10, 21, 60, 14]
675	1       1441188694
#trying: [92, 63, 10, 60, 14, 21]
676	1       1379102330
#trying: [92, 63, 10, 60, 21, 14]
677	1       1273531605
#trying: [92, 63, 14, 10, 21, 60]
678	1       1451937601
#trying: [92, 63, 14, 10, 60, 21]
679	1       1589040494
#trying: [92, 63, 14, 21, 10, 60]
680	1       1757948229
#trying: [92, 63, 14, 21, 60, 10]
681	1       1792684188
#trying: [92, 63, 14, 60, 10, 21]
682	1       1746475220
#trying: [92, 63, 14, 60, 21, 10]
683	1       1612893061
#trying: [92, 63, 21, 10, 14, 60]
684	1       1425581494
#trying: [92, 63, 21, 10, 60, 14]
685	1       1576045788
#trying: [92, 63, 21, 14, 10, 60]
686	1       1473199058
#trying: [92, 63, 21, 14, 60, 10]
687	1       1408988202
#trying: [92, 63, 21, 60, 10, 14]
688	1       1373498619
#trying: [92, 63, 21, 60, 14, 10]
689	1       1575937677
#trying: [92, 63, 60, 10, 14, 21]
690	1       1392623568
#trying: [92, 63, 60, 10, 21, 14]
691	1       1415470067
#trying: [92, 63, 60, 14, 10, 21]
692	1       1400443941
#trying: [92, 63, 60, 14, 21, 10]
693	1       1432770237
#trying: [92, 63, 60, 21, 10, 14]
694	1       1434198778
#trying: [92, 63, 60, 21, 14, 10]
695	1       1602805092
