1 77 28 67 0 0
2 16 -28 67 0 0
3 -16 -28 77 0 0
4 65 -77 67 0 0
5 74 23 -65 0 0
6 -74 16 23 0 0
7 -16 23 22 0 0
8 85 72 99 0 0
9 -23 -85 99 0 0
10 -72 37 22 0 0
11 -37 99 -72 0 0
12 -99 22 -65 0 0
15 -65 -77 -22 0 0
16 84 95 -67 0 0
17 8 50 -84 0 0
18 -50 -84 95 0 0
19 -8 -84 95 0 0
20 18 -95 -67 0 0
21 92 -18 9 0 0
22 -92 -95 9 0 0
23 -9 64 38 0 0
24 -64 38 40 0 0
25 -38 14 20 0 0
26 -20 14 -18 0 0
27 -14 -9 40 0 0
28 -40 -18 35 0 0
29 -40 -35 -9 0 0
201 -9 38 40 0 24 23 0
206 -67 18 0 17 19 18 16 20 0
207 -72 22 99 0 10 11 0
208 22 -65 0 7 6 9 5 8 12 207 0
211 95 -67 0 17 18 19 16 0
212 -95 -18 9 0 22 21 0
213 -9 40 -18 0 26 25 27 201 0
214 -67 0 28 29 213 206 212 211 0
215 28 77 0 1 214 0
216 16 -28 0 2 214 0
217 65 -77 0 4 214 0
218 22 0 216 215 217 208 3 0
221 -65 -77 0 15 218 0
225 65 0 216 215 217 3 0
226 -77 0 221 225 0
227 28 0 215 226 0
228 -16 0 3 227 226 0
229 0 216 227 228 0
