1 66 55 6 0 0
2 62 -66 6 0 0
3 -62 -66 68 0 0
4 -55 8 6 0 0
5 70 58 8 0 0
6 58 -70 -6 0 0
7 33 -58 -6 0 0
8 8 -33 -6 0 0
9 61 -8 68 0 0
10 -61 -8 68 0 0
11 42 51 35 0 0
12 -42 51 30 0 0
13 75 -51 30 0 0
14 -75 20 -51 0 0
15 -75 -20 -51 0 0
16 -30 35 -68 0 0
17 34 46 -35 0 0
19 -34 46 -68 0 0
20 -46 -35 -68 0 0
201 30 -51 0 15 14 13 0
206 -8 68 0 10 9 0
207 68 6 0 3 2 1 4 206 0
208 -35 -68 0 19 17 20 0
209 6 0 11 208 207 201 16 12 0
210 -70 58 0 6 209 0
211 33 -58 0 7 209 0
212 -33 8 0 8 209 0
213 68 0 5 206 211 212 210 0
214 -35 0 208 213 0
215 -30 0 16 214 213 0
216 -51 0 201 215 0
217 42 0 11 216 214 0
218 0 12 215 216 217 0
