1 60 160 33 0 0
2 -60 79 160 0 0
3 53 -60 -79 0 0
4 -53 -79 160 0 0
5 61 -160 33 0 0
7 -61 -160 33 0 0
8 78 92 -33 0 0
9 78 -92 -33 0 0
10 35 168 144 0 0
11 104 139 67 0 0
12 43 -104 139 0 0
13 -43 -104 -144 0 0
15 35 -139 -144 0 0
16 168 153 -35 0 0
17 70 -168 67 0 0
18 -70 -168 153 0 0
19 2 66 115 0 0
20 -66 2 -67 0 0
21 -2 115 9 0 0
22 71 -115 -67 0 0
23 -71 -115 9 0 0
24 -9 96 -67 0 0
25 -9 -96 -78 0 0
26 132 170 -153 0 0
27 130 -132 131 0 0
28 -130 -132 106 0 0
29 -130 -106 170 0 0
30 -170 131 -78 0 0
31 194 200 -131 0 0
32 -194 200 -153 0 0
33 26 68 -131 0 0
34 26 122 178 0 0
35 -68 -122 178 0 0
36 26 -178 67 0 0
38 46 108 -200 0 0
39 46 -108 12 0 0
40 80 -46 100 0 0
42 -80 -46 12 0 0
43 4 161 100 0 0
44 111 164 92 0 0
45 -111 164 161 0 0
46 64 92 -12 0 0
47 -64 -164 92 0 0
48 -4 -12 -92 0 0
49 -161 100 -26 0 0
50 -100 -200 -26 0 0
263 -164 194 -170 0 0
321 -160 33 0 7 5 0
322 33 0 4 321 2 1 3 0
323 78 92 0 8 322 0
324 78 -92 0 9 322 0
326 153 168 144 0 16 10 0
327 144 153 67 0 18 17 326 0
329 78 0 324 323 0
330 -96 -9 0 25 329 0
331 131 -170 0 30 329 0
333 -9 -67 0 24 330 0
334 66 115 9 0 19 21 0
335 -115 -67 0 23 22 333 0
336 -67 0 20 334 21 335 333 0
337 104 139 0 11 336 0
338 70 -168 0 17 336 0
339 26 -178 0 36 336 0
340 144 153 0 327 336 0
341 26 -131 0 35 34 33 339 0
342 92 194 -170 0 50 49 341 31 45 331 263 44 0
343 46 92 106 194 -153 0 45 44 47 49 46 39 50 341 38 31 27 28 26 342 0
344 106 -153 131 0 27 28 26 331 0
345 92 194 106 -153 0 45 44 47 49 46 42 40 343 50 341 31 344 0
346 46 12 -200 0 39 38 0
347 12 100 -200 0 42 40 346 0
348 92 106 -153 0 45 44 47 49 46 347 50 32 341 345 344 0
349 92 200 -153 0 27 29 31 26 342 348 32 0
350 -106 -153 131 0 27 29 26 331 0
351 92 -153 0 45 44 47 49 46 347 50 349 341 350 348 0
352 131 -153 0 350 344 0
353 200 -153 0 31 32 352 0
354 144 0 48 351 340 347 353 50 341 352 43 49 0
355 -43 -104 0 13 354 0
356 -139 35 0 15 354 0
357 139 0 12 355 337 0
358 35 0 356 357 0
359 153 168 0 16 358 0
362 131 0 338 18 352 359 0
363 26 0 341 362 0
365 -161 100 0 49 363 0
366 -100 -200 0 50 363 0
367 153 0 18 359 338 0
368 92 0 351 367 0
369 200 0 353 367 0
370 -100 0 366 369 0
371 -161 0 365 370 0
372 12 0 347 370 369 0
373 4 0 43 371 370 0
374 0 48 368 372 373 0
