1 90 43 11 0 0
2 -43 90 11 0 0
4 84 98 -11 0 0
5 -84 98 -11 0 0
6 15 -98 -11 0 0
7 28 -15 -98 0 0
8 -28 -15 65 0 0
9 -65 -98 -11 0 0
10 87 -90 138 0 0
11 197 -87 -90 0 0
12 -197 -87 138 0 0
13 91 29 148 0 0
17 -91 29 148 0 0
18 104 60 -29 0 0
19 -104 182 -29 0 0
20 -182 60 -29 0 0
23 199 1 -106 0 0
24 -199 1 126 0 0
25 34 127 194 0 0
26 -34 127 194 0 0
27 59 70 128 0 0
28 73 132 70 0 0
29 -73 -59 132 0 0
30 -59 -132 128 0 0
31 -70 128 121 0 0
32 105 106 -128 0 0
33 -105 106 -128 0 0
35 193 -194 -106 0 0
36 -193 -194 -106 0 0
38 -126 -127 121 0 0
54 145 -1 137 0 0
55 113 -145 137 0 0
56 179 -113 -145 0 0
57 -137 -1 179 0 0
58 105 136 -179 0 0
59 -105 136 -179 0 0
60 155 41 153 0 0
61 -41 153 154 0 0
63 129 21 154 0 0
64 -129 21 -153 0 0
65 -21 155 -153 0 0
66 65 -155 154 0 0
67 140 -65 -155 0 0
68 -140 -121 -65 0 0
69 -154 -121 -148 0 0
70 31 186 -136 0 0
71 -31 120 145 0 0
72 120 198 -145 0 0
73 -31 186 -120 0 0
74 23 -186 -136 0 0
75 -23 -186 198 0 0
76 44 135 -148 0 0
77 -44 135 -148 0 0
78 44 74 -135 0 0
79 24 62 -74 0 0
80 -24 -74 -198 0 0
81 44 -62 -74 0 0
82 -44 -135 -198 0 0
83 151 -138 178 0 0
84 -151 -138 178 0 0
85 8 97 -60 0 0
86 32 -8 97 0 0
87 -178 -32 -8 0 0
88 52 -97 108 0 0
89 -52 -178 108 0 0
90 -108 137 26 0 0
91 38 123 118 0 0
92 38 123 -118 0 0
94 45 38 -123 0 0
95 -45 -123 26 0 0
96 -38 27 26 0 0
97 -38 -137 -27 0 0
98 112 162 7 0 0
99 130 -162 -26 0 0
101 112 -130 -162 0 0
102 177 -112 -26 0 0
103 -177 -112 7 0 0
104 -108 176 -7 0 0
105 48 161 50 0 0
106 161 -7 -50 0 0
107 48 -161 -176 0 0
108 -48 156 -97 0 0
109 -48 -156 -176 0 0
322 106 -128 0 33 32 0
323 -106 -194 0 36 35 0
324 -73 70 128 0 30 29 27 0
326 -90 138 0 12 11 10 0
327 127 194 0 26 25 0
328 1 126 -106 0 24 23 0
329 186 198 -136 0 72 71 73 70 0
330 -136 198 0 74 75 329 0
331 -45 27 26 0 92 91 96 95 0
332 136 -179 0 59 58 0
333 27 26 0 92 91 94 96 331 0
338 -121 153 154 0 68 67 66 60 61 0
339 29 148 0 17 13 0
340 -29 60 0 19 18 20 0
343 -44 -148 -198 0 82 77 0
344 -148 -198 0 79 80 81 78 343 76 0
345 48 -176 50 0 107 105 0
346 -138 178 0 84 83 0
350 -178 97 -60 0 87 86 85 0
353 -176 -97 50 0 108 109 345 0
355 -97 -178 108 0 89 88 0
356 -112 7 -26 0 103 102 0
357 7 -26 0 99 101 98 356 0
358 38 -123 26 0 95 94 0
359 26 -137 0 92 91 358 97 333 0
360 90 11 0 2 1 0
362 70 128 0 30 28 27 324 0
363 21 -153 154 0 64 63 0
364 -121 -148 0 68 67 66 65 69 363 338 0
365 121 128 0 31 362 0
366 26 -178 0 55 56 54 359 332 328 38 322 327 364 323 365 339 330 344 340 350 355 90 0
367 -97 -178 0 109 108 107 104 106 353 357 355 366 0
368 11 0 55 57 332 330 344 339 340 350 346 326 360 367 328 322 365 364 38 327 323 54 56 0
369 84 98 0 4 368 0
370 -84 98 0 5 368 0
371 15 -98 0 6 368 0
372 -65 -98 0 9 368 0
373 98 0 370 369 0
374 15 0 371 373 0
375 -65 0 372 373 0
376 28 0 7 374 373 0
377 0 8 375 374 376 0
