1 69 61 128 0 0
2 100 124 62 0 0
3 108 162 62 0 0
4 -108 162 -124 0 0
5 -162 -124 -69 0 0
6 100 -62 61 0 0
7 -69 -100 61 0 0
8 65 31 128 0 0
9 -65 31 -61 0 0
10 -31 -61 128 0 0
11 6 -128 82 0 0
12 -82 6 -128 0 0
13 146 140 -70 0 0
14 -146 140 -70 0 0
15 78 -140 66 0 0
16 137 29 125 0 0
17 -137 29 125 0 0
18 -125 12 102 0 0
19 -102 12 106 0 0
21 -12 -125 106 0 0
22 193 159 -29 0 0
23 -193 159 -29 0 0
24 50 131 -159 0 0
25 -131 199 82 0 0
26 -199 82 -159 0 0
27 -131 -82 50 0 0
28 64 133 112 0 0
30 190 99 -133 0 0
31 -190 99 81 0 0
32 81 -99 -107 0 0
33 9 160 170 0 0
34 -9 160 -81 0 0
35 -160 60 170 0 0
36 -170 -81 -133 0 0
37 64 -60 -133 0 0
38 -64 145 112 0 0
39 -64 -145 112 0 0
40 144 86 -112 0 0
41 -144 86 -112 0 0
42 -86 -112 -50 0 0
43 -106 98 55 0 0
44 -98 55 198 0 0
45 197 109 -198 0 0
46 -197 32 134 0 0
47 -134 32 109 0 0
48 -32 -197 109 0 0
49 35 51 42 0 0
50 192 -35 51 0 0
51 192 -51 -109 0 0
53 -109 -192 42 0 0
54 57 -42 -198 0 0
55 -57 -42 -109 0 0
56 14 91 46 0 0
57 -14 91 98 0 0
58 -14 91 -98 0 0
59 49 -91 46 0 0
60 -46 49 -55 0 0
61 -55 -49 66 0 0
62 -66 23 17 0 0
63 -23 78 167 0 0
64 121 167 -78 0 0
65 -121 167 -78 0 0
66 142 49 132 0 0
67 142 -49 132 0 0
68 89 -132 -167 0 0
69 -89 -132 -167 0 0
70 -23 17 -142 0 0
71 163 -17 -140 0 0
72 -163 -17 -66 0 0
73 68 33 -6 0 0
74 165 -68 33 0 0
75 -165 -68 33 0 0
76 107 -33 -6 0 0
77 155 116 70 0 0
78 184 20 5 0 0
79 -184 20 5 0 0
80 122 156 -5 0 0
81 122 -156 -5 0 0
82 -122 -5 -116 0 0
83 -116 172 -20 0 0
84 155 -172 -20 0 0
85 -155 70 -107 0 0
318 132 142 0 67 66 0
319 162 -124 62 0 3 4 0
320 -78 167 0 65 64 0
321 -124 -69 61 0 6 319 7 5 0
322 46 91 0 58 57 56 0
323 -68 33 0 75 74 0
324 81 99 -133 0 31 30 0
325 6 -128 0 12 11 0
326 -6 33 0 73 323 0
327 -5 -116 0 81 80 82 0
328 5 20 0 79 78 0
329 -140 167 0 72 71 62 15 63 320 0
330 -132 -167 0 68 69 0
331 -66 17 -142 0 70 62 0
332 -66 -140 0 72 71 331 318 330 329 0
333 -125 102 106 0 21 18 0
334 29 125 0 17 16 0
335 -29 159 0 23 22 0
336 106 -125 0 19 333 21 0
337 50 -159 82 0 25 24 26 0
338 70 -107 0 84 83 328 85 77 327 0
339 50 -159 0 27 337 24 0
340 -70 140 0 14 13 0
341 61 -69 0 2 6 321 7 0
342 -46 -55 66 0 60 61 0
343 145 133 112 0 38 28 0
344 35 -109 42 0 51 53 49 0
345 -42 -109 -198 0 54 55 0
346 -109 -198 0 50 51 344 53 345 0
347 -198 0 46 47 48 45 346 0
349 55 -98 0 44 347 0
351 55 -106 0 43 349 0
352 -55 66 0 322 342 59 61 0
353 -6 107 0 326 76 0
354 -61 128 0 9 8 10 0
355 128 0 341 354 1 0
356 6 0 325 355 0
358 107 0 353 356 0
359 70 0 338 358 0
360 140 0 340 359 0
362 -66 0 332 360 0
365 -55 0 352 362 0
368 -106 0 351 365 0
369 -125 0 336 368 0
370 29 0 334 369 0
371 159 0 335 370 0
372 50 0 339 371 0
375 81 -99 0 32 358 0
376 -86 -112 0 42 372 0
384 -112 0 41 40 376 0
385 64 133 0 28 384 0
386 145 -64 0 38 384 0
387 -145 -64 0 39 384 0
388 145 133 0 343 384 0
389 133 0 387 388 385 0
391 -170 -81 0 36 389 0
392 -60 64 0 37 389 0
393 81 99 0 324 389 0
394 81 0 375 393 0
395 -170 0 391 394 0
396 9 160 0 33 395 0
397 -9 160 0 34 394 0
398 -160 60 0 35 395 0
400 145 0 397 398 392 386 396 0
401 -64 0 387 400 0
402 -60 0 392 401 0
403 -160 0 398 402 0
404 9 0 396 403 0
405 0 397 403 404 0
