1 23 16 42 0 0
2 -16 23 42 0 0
3 41 26 -42 0 0
4 -26 41 -42 0 0
5 32 -41 -42 0 0
6 6 15 -41 0 0
7 -6 15 -32 0 0
8 1 -32 46 0 0
9 -1 -32 46 0 0
10 -15 -46 -41 0 0
12 33 38 -23 0 0
13 -33 38 -23 0 0
14 33 22 8 0 0
15 -33 22 8 0 0
16 -22 37 -38 0 0
17 36 13 -37 0 0
18 -36 13 -22 0 0
19 -13 -22 -37 0 0
20 47 11 -23 0 0
21 -47 11 -8 0 0
22 39 -11 -8 0 0
24 -39 -11 -8 0 0
77 -42 41 0 4 3 0
78 8 22 0 15 14 0
79 38 -23 0 13 12 0
80 11 -8 -23 0 21 20 0
82 15 -32 -41 0 7 6 0
83 -42 0 9 8 10 5 82 77 0
84 23 16 0 1 83 0
85 23 -16 0 2 83 0
87 23 0 85 84 0
88 38 0 79 87 0
89 -22 37 0 16 88 0
91 11 -8 0 80 87 0
93 8 0 18 78 19 89 17 0
94 11 0 91 93 0
95 39 0 22 94 93 0
96 0 24 93 94 95 0
