1 37 43 33 0 0
2 21 -37 43 0 0
3 -37 -21 39 0 0
4 -43 23 39 0 0
5 -23 31 13 0 0
6 -23 31 -13 0 0
7 -23 -31 -43 0 0
8 9 6 25 0 0
9 -6 9 25 0 0
11 -9 25 -39 0 0
12 24 -25 -39 0 0
13 -24 -25 33 0 0
14 27 6 41 0 0
15 -6 41 14 0 0
16 -41 43 14 0 0
17 -43 -41 14 0 0
18 20 27 1 0 0
19 12 1 -20 0 0
20 -12 -14 1 0 0
21 -1 27 28 0 0
22 -28 -1 -14 0 0
24 -27 39 -33 0 0
25 28 20 5 0 0
26 19 29 -33 0 0
27 -19 29 -20 0 0
28 -29 28 -20 0 0
29 -28 37 5 0 0
30 -28 -37 5 0 0
31 -5 -39 -33 0 0
103 9 25 0 9 8 0
104 43 39 33 0 3 2 1 0
105 -31 39 33 0 4 7 104 0
106 25 -39 0 11 103 0
107 -39 33 0 13 12 106 0
108 33 0 6 105 107 4 104 5 0
109 -27 39 0 24 108 0
110 19 29 0 26 108 0
111 -5 -39 0 31 108 0
113 -14 1 27 0 19 20 18 0
114 -14 27 0 22 21 113 0
115 27 41 0 15 14 114 0
116 39 0 17 114 109 115 16 0
117 -5 0 111 116 0
120 28 20 0 25 117 0
121 -28 37 0 29 117 0
122 -28 -37 0 30 117 0
127 28 -19 0 27 28 120 0
128 -28 0 122 121 0
129 20 0 120 128 0
130 -29 0 28 128 129 0
131 -19 0 127 128 0
132 0 110 130 131 0
