1 17 37 5 0 0
2 37 28 24 0 0
3 40 -28 24 0 0
4 -40 -28 4 0 0
5 -24 29 4 0 0
6 13 -24 -29 0 0
7 -13 -24 -29 0 0
8 -17 10 -4 0 0
9 -17 -10 -4 0 0
10 26 33 -37 0 0
11 34 -26 5 0 0
12 48 33 -34 0 0
13 -48 33 -37 0 0
14 -33 -37 5 0 0
15 2 10 -5 0 0
16 2 -10 -5 0 0
17 47 15 -2 0 0
18 15 30 -47 0 0
19 -15 30 -2 0 0
21 -30 20 -2 0 0
23 16 13 -20 0 0
24 -13 31 -20 0 0
25 16 -31 -13 0 0
26 38 23 -16 0 0
27 19 -38 -16 0 0
28 -19 -38 23 0 0
29 34 14 -23 0 0
30 1 14 -34 0 0
31 9 -1 14 0 0
32 -9 -1 -23 0 0
33 21 -14 -23 0 0
34 -21 -14 -16 0 0
84 4 -28 0 7 6 3 5 4 0
85 -17 -4 0 9 8 0
86 48 -37 5 0 11 12 10 14 0
87 37 5 0 7 6 5 2 85 84 1 0
88 5 0 13 87 14 86 0
89 10 2 0 15 88 0
90 -10 2 0 16 88 0
92 -2 20 0 18 17 19 21 0
93 2 0 90 89 0
94 20 0 92 93 0
98 13 16 0 23 94 0
99 -13 31 0 24 94 0
100 -16 23 0 28 27 26 0
101 -14 -16 0 34 33 100 0
105 13 0 32 100 98 30 29 101 31 0
107 31 0 99 105 0
108 16 0 25 107 105 0
109 23 0 100 108 0
110 -14 0 101 108 0
111 34 0 29 110 109 0
112 1 0 30 110 111 0
113 9 0 31 112 110 0
114 0 32 109 112 113 0
