1 34 21 4 0 0
2 -34 21 40 0 0
3 -21 40 1 0 0
7 41 -40 39 0 0
8 42 -41 -40 0 0
9 -42 -41 -40 0 0
10 25 -39 1 0 0
11 2 -25 -39 0 0
12 -2 -39 5 0 0
13 -1 4 5 0 0
14 33 26 15 0 0
15 -33 26 15 0 0
16 -15 26 -5 0 0
17 31 -26 -5 0 0
18 -31 -26 -5 0 0
19 9 47 6 0 0
20 38 9 37 0 0
21 9 14 -38 0 0
22 -14 -38 -47 0 0
23 -9 11 37 0 0
24 -9 -11 37 0 0
25 48 24 -37 0 0
26 24 46 -48 0 0
27 -24 46 -37 0 0
28 16 -46 18 0 0
29 -16 -46 18 0 0
30 -46 -18 -37 0 0
31 -6 15 -4 0 0
32 13 -15 -4 0 0
33 -13 -15 -4 0 0
103 18 -46 0 29 28 0
104 -41 -40 0 9 8 0
105 33 26 -5 0 16 14 0
108 21 40 4 0 2 1 0
112 -5 33 0 18 17 105 0
113 40 1 4 0 3 108 0
114 25 1 4 0 7 104 113 10 0
115 26 -5 0 15 16 112 0
116 -5 0 18 17 115 0
117 -2 -39 0 12 116 0
118 -1 4 0 13 116 0
120 4 40 0 113 118 0
121 -4 -15 0 33 32 0
122 4 0 11 117 7 114 104 120 118 0
123 -15 0 121 122 0
124 -6 0 31 123 122 0
127 9 47 0 19 124 0
134 38 11 37 0 20 23 0
135 -18 -48 -37 0 27 26 30 0
136 37 11 0 22 21 134 127 23 0
139 37 0 22 127 24 136 20 21 0
140 24 48 0 25 139 0
141 -24 46 0 27 139 0
142 -18 -46 0 30 139 0
143 -18 -48 0 135 139 0
144 48 0 103 141 140 142 0
145 -18 0 143 144 0
147 -46 0 103 145 0
148 -24 0 141 147 0
149 0 26 144 147 148 0
