1 32 26 2 0 0
3 3 -26 2 0 0
4 22 44 -2 0 0
5 -22 44 -2 0 0
6 23 -44 -2 0 0
7 41 3 -23 0 0
8 -41 3 -44 0 0
9 20 9 -3 0 0
10 -20 32 -3 0 0
11 7 -32 9 0 0
12 16 -7 -32 0 0
13 -16 -32 9 0 0
14 1 16 37 0 0
15 -1 16 26 0 0
16 -16 26 37 0 0
17 -26 37 -9 0 0
18 46 5 -9 0 0
20 -46 5 21 0 0
21 39 -5 21 0 0
22 -39 -5 -37 0 0
23 -21 -37 -9 0 0
100 9 32 2 0 10 9 3 1 0
101 9 2 0 12 13 11 100 0
102 5 21 -9 0 20 18 0
104 37 -9 0 14 15 16 17 0
105 2 0 22 104 101 102 23 21 0
106 22 44 0 4 105 0
107 -22 44 0 5 105 0
108 -44 23 0 6 105 0
110 44 0 107 106 0
111 23 0 108 110 0
112 41 3 0 7 111 0
113 -41 3 0 8 110 0
117 3 0 113 112 0
118 20 9 0 9 117 0
119 -20 32 0 10 117 0
121 9 0 12 119 118 11 13 0
122 37 0 104 121 0
123 -21 0 23 122 121 0
125 5 0 102 123 121 0
126 -39 0 22 125 122 0
127 0 21 123 125 126 0
