1 20 15 41 0 0
2 -15 20 41 0 0
3 8 -41 7 0 0
4 -8 -41 7 0 0
5 42 50 -7 0 0
6 -42 50 -7 0 0
7 -50 35 22 0 0
8 -35 45 22 0 0
9 18 -22 45 0 0
10 -18 -22 45 0 0
11 -45 33 -50 0 0
12 -33 -50 -7 0 0
13 21 -20 19 0 0
15 -21 -20 19 0 0
16 14 36 1 0 0
17 14 36 -1 0 0
18 -14 36 13 0 0
19 3 -36 13 0 0
20 5 -3 -36 0 0
21 -5 -3 13 0 0
22 4 44 49 0 0
23 17 -4 49 0 0
24 -17 -4 44 0 0
25 31 -13 -44 0 0
26 -31 -13 -44 0 0
27 -49 33 23 0 0
28 -49 -33 23 0 0
29 42 -19 37 0 0
30 -42 -19 37 0 0
31 29 -23 -37 0 0
32 -29 -23 -37 0 0
81 36 -1 13 0 18 17 0
82 13 -1 0 21 20 19 81 0
83 -19 37 0 30 29 0
84 -44 -13 0 25 26 0
85 -41 7 0 4 3 0
86 19 -20 0 15 13 0
87 -22 45 0 10 9 0
89 50 -7 0 6 5 0
90 -7 35 0 11 87 12 89 7 0
91 -23 -37 0 32 31 0
92 -7 0 8 87 11 90 12 89 0
93 -41 0 85 92 0
94 15 20 0 1 93 0
95 -15 20 0 2 93 0
96 37 0 95 94 86 83 0
97 -23 0 91 96 0
98 33 -49 0 27 97 0
99 -33 -49 0 28 97 0
101 36 13 1 0 18 16 0
102 13 1 0 21 20 19 101 0
103 44 49 0 24 23 22 0
104 33 0 102 82 84 103 98 0
105 -49 0 99 104 0
106 44 0 103 105 0
107 -13 0 84 106 0
108 -1 0 82 107 0
110 0 102 108 107 0
