1 1 39 40 0 0
2 1 -39 -40 0 0
3 -1 39 -40 0 0
4 -1 -39 40 0 0
5 2 41 1 0 0
6 2 -41 -1 0 0
7 -2 -41 1 0 0
8 -2 41 -1 0 0
9 2 3 42 0 0
10 -2 3 -42 0 0
11 2 -3 -42 0 0
12 -2 -3 42 0 0
13 3 43 4 0 0
14 -3 -43 4 0 0
15 3 -43 -4 0 0
16 -3 43 -4 0 0
17 5 44 4 0 0
18 5 -44 -4 0 0
19 -5 -44 4 0 0
20 -5 44 -4 0 0
21 5 45 6 0 0
22 -5 -45 6 0 0
23 5 -45 -6 0 0
24 -5 45 -6 0 0
25 46 6 7 0 0
26 -46 -6 7 0 0
27 6 -46 -7 0 0
28 46 -6 -7 0 0
29 47 8 7 0 0
30 8 -47 -7 0 0
31 -47 -8 7 0 0
32 47 -8 -7 0 0
33 8 9 48 0 0
34 9 -8 -48 0 0
35 8 -9 -48 0 0
36 48 -8 -9 0 0
37 9 49 10 0 0
38 -9 -49 10 0 0
39 9 -49 -10 0 0
40 -9 49 -10 0 0
41 10 11 50 0 0
42 11 -50 -10 0 0
43 10 -11 -50 0 0
44 -11 50 -10 0 0
45 12 51 11 0 0
46 12 -51 -11 0 0
47 -12 -51 11 0 0
48 -12 51 -11 0 0
49 12 13 52 0 0
50 -12 13 -52 0 0
51 12 -13 -52 0 0
52 -12 -13 52 0 0
53 14 53 13 0 0
54 14 -53 -13 0 0
55 -14 -53 13 0 0
56 -14 53 -13 0 0
57 15 54 14 0 0
58 15 -54 -14 0 0
59 -15 -54 14 0 0
60 -15 54 -14 0 0
61 16 55 15 0 0
62 16 -55 -15 0 0
63 -16 -55 15 0 0
64 -16 55 -15 0 0
65 16 56 17 0 0
66 -16 -56 17 0 0
67 16 -56 -17 0 0
68 -16 56 -17 0 0
69 18 57 17 0 0
70 18 -57 -17 0 0
71 -18 -57 17 0 0
72 -18 57 -17 0 0
73 19 58 18 0 0
74 19 -58 -18 0 0
75 -19 -58 18 0 0
76 -19 58 -18 0 0
77 59 60 19 0 0
78 -59 60 -19 0 0
79 -59 -60 19 0 0
80 59 -60 -19 0 0
81 59 60 20 0 0
82 -59 60 -20 0 0
83 -59 -60 20 0 0
84 59 -60 -20 0 0
85 58 21 20 0 0
86 -58 -21 20 0 0
87 -58 21 -20 0 0
88 58 -21 -20 0 0
89 21 57 22 0 0
90 21 -57 -22 0 0
91 -21 -57 22 0 0
92 -21 57 -22 0 0
93 23 56 22 0 0
94 -23 -56 22 0 0
95 23 -56 -22 0 0
96 -23 56 -22 0 0
97 23 55 24 0 0
98 23 -55 -24 0 0
99 -23 -55 24 0 0
100 -23 55 -24 0 0
101 24 54 25 0 0
102 24 -54 -25 0 0
103 -24 -54 25 0 0
104 -24 54 -25 0 0
105 25 53 26 0 0
106 25 -53 -26 0 0
107 -25 -53 26 0 0
108 -25 53 -26 0 0
109 27 52 26 0 0
110 -27 -52 26 0 0
111 27 -52 -26 0 0
112 -27 52 -26 0 0
113 27 28 51 0 0
114 27 -28 -51 0 0
115 -27 28 -51 0 0
116 -27 -28 51 0 0
117 50 28 29 0 0
118 28 -50 -29 0 0
119 -28 -50 29 0 0
120 -28 50 -29 0 0
121 30 49 29 0 0
122 -49 -30 29 0 0
123 30 -49 -29 0 0
124 -30 49 -29 0 0
125 31 30 48 0 0
126 30 -31 -48 0 0
127 31 -30 -48 0 0
128 48 -31 -30 0 0
129 47 31 32 0 0
130 31 -47 -32 0 0
131 -47 -31 32 0 0
132 -31 47 -32 0 0
133 33 46 32 0 0
134 -33 -46 32 0 0
135 33 -46 -32 0 0
136 -33 46 -32 0 0
137 34 45 33 0 0
138 -34 -45 33 0 0
139 34 -45 -33 0 0
140 -34 45 -33 0 0
141 34 44 35 0 0
142 34 -44 -35 0 0
143 -34 -44 35 0 0
144 -34 44 -35 0 0
145 36 43 35 0 0
146 -36 -43 35 0 0
147 36 -43 -35 0 0
148 -36 43 -35 0 0
149 36 37 42 0 0
150 36 -37 -42 0 0
151 -36 37 -42 0 0
152 -36 -37 42 0 0
153 37 41 38 0 0
154 37 -41 -38 0 0
155 -37 -41 38 0 0
156 -37 41 -38 0 0
157 -38 39 40 0 0
158 -38 -39 -40 0 0
159 38 39 -40 0 0
160 38 -39 40 0 0
161 -19 60 20 0 78 81 0
162 -18 21 20 0 80 83 161 74 85 0
163 59 19 -20 0 84 77 0
164 21 22 -17 0 82 79 163 162 76 87 70 89 0
165 60 -21 18 59 0 88 75 81 77 0
166 60 18 -21 0 73 86 78 82 165 0
167 19 18 -21 0 84 86 79 166 73 0
168 -16 23 22 0 83 88 80 166 75 164 167 72 91 66 93 0
169 19 -22 17 18 0 90 167 69 0
170 20 -18 17 -22 0 92 162 71 0
171 -22 17 20 0 80 83 161 169 170 0
172 19 -20 0 82 79 163 0
174 -18 -22 17 0 87 92 76 171 71 172 0
175 23 -15 24 0 88 90 75 171 69 168 174 172 68 95 62 97 0
176 21 16 22 -23 0 65 164 94 0
177 20 -22 16 -23 0 67 171 96 0
178 16 -23 20 0 80 83 166 167 72 176 91 65 177 94 0
179 21 16 -23 0 69 67 90 76 96 87 172 176 178 0
180 16 -23 17 0 94 174 65 75 172 178 88 179 0
181 24 -14 25 0 91 96 72 179 67 175 180 75 64 88 172 178 99 58 101 0
182 56 -24 17 22 15 0 63 100 65 93 0
183 22 15 17 -24 0 61 98 66 94 182 0
184 18 -21 0 83 88 80 166 75 167 0
185 -24 18 17 15 0 90 183 69 184 0
186 23 -22 15 -17 -24 0 68 61 95 98 0
187 18 15 -24 0 63 179 100 186 184 185 164 0
188 -24 22 15 0 91 72 164 183 187 0
189 25 13 -26 0 67 63 96 174 100 60 186 188 181 187 103 53 106 0
190 23 24 14 -25 0 57 175 102 0
191 -25 22 17 -24 14 0 59 183 104 0
192 24 17 14 -25 0 64 180 57 99 190 102 0
193 17 14 -25 0 187 174 59 192 191 104 0
194 22 -17 0 72 184 91 164 0
197 15 14 -25 0 67 63 96 193 100 186 194 102 57 0
198 13 -26 0 67 64 96 193 99 197 190 194 104 189 55 59 108 0
199 12 51 10 -29 27 0 43 120 45 113 0
200 52 10 -26 -29 0 41 118 46 114 199 52 112 198 0
201 50 -12 10 -27 -29 0 115 48 120 41 0
202 10 -26 -29 0 116 47 118 111 43 51 201 200 198 0
203 2 -37 42 35 4 0 145 14 152 9 0
204 2 35 38 4 -1 0 146 13 150 11 203 153 6 0
205 -2 37 35 43 4 0 151 12 145 13 0
206 -1 38 4 35 0 10 149 14 204 146 155 205 8 0
207 49 48 -7 32 29 10 0 30 129 36 128 37 121 0
208 6 -33 29 10 48 46 0 131 32 125 136 33 25 122 38 207 0
209 7 10 -32 47 29 48 0 122 37 125 36 132 29 0
210 48 34 4 -35 29 10 45 0 38 121 33 128 31 130 209 27 134 208 24 137 17 142 0
211 -6 33 32 49 10 29 48 0 26 207 133 0
212 10 -6 48 49 29 33 0 29 28 130 36 135 211 128 37 121 0
213 33 -8 7 -31 -6 0 132 133 31 26 0
214 10 45 4 -35 29 48 0 135 131 28 140 32 125 213 21 33 122 38 212 19 144 210 0
215 -45 7 32 46 -35 4 0 19 144 23 139 25 133 0
216 7 -45 32 4 -35 0 17 142 22 138 26 134 215 0
218 7 10 -32 29 48 0 121 38 128 33 130 31 209 0
220 -45 -33 -32 -7 -35 4 0 19 23 144 27 139 136 0
222 7 6 32 4 -35 0 144 137 19 134 216 21 25 0
223 7 4 32 -35 0 142 140 17 133 216 24 26 222 0
225 7 -29 -32 -49 -10 48 0 29 130 36 128 39 123 0
227 48 49 32 -29 -7 -10 0 131 32 125 33 124 40 0
228 48 -10 -7 32 -29 0 30 129 36 128 39 123 227 0
229 33 45 4 -35 6 0 19 144 21 137 0
230 6 -35 -32 -7 4 0 142 17 138 22 229 136 27 0
243 -4 45 35 6 33 0 20 143 21 137 0
244 33 7 32 35 -4 0 141 18 138 22 243 26 133 0
245 -6 45 -33 35 -4 0 18 141 24 140 0
246 7 -4 32 35 0 20 143 23 139 245 25 244 134 0
247 27 11 -26 -28 0 45 52 114 111 198 0
248 11 -26 -10 29 0 47 51 116 112 198 247 117 42 0
249 12 28 -11 -26 0 113 112 46 51 198 0
251 -29 48 32 -7 -26 0 228 202 0
252 48 10 -7 32 29 0 32 131 33 125 38 122 207 0
253 -26 48 32 -7 0 115 111 48 119 52 249 248 198 44 251 252 0
254 36 3 -1 2 38 0 150 153 9 6 0
255 36 -4 38 -35 -1 0 149 155 10 8 254 16 147 0
256 -3 -36 -1 38 42 0 6 153 12 152 0
257 -4 -1 -35 38 0 155 8 151 11 256 255 15 148 0
261 1 39 38 0 159 1 0
262 1 38 0 160 2 261 0
263 -37 1 4 42 35 0 7 203 156 262 0
264 42 1 4 35 0 205 146 5 263 149 154 262 0
265 2 1 4 35 0 146 150 13 154 264 11 5 262 0
266 1 35 4 0 205 14 156 265 10 7 262 264 0
267 -1 -38 40 0 4 157 0
268 7 35 32 0 158 3 267 206 266 246 0
269 38 -35 -4 0 257 262 0
270 2 1 42 -35 -4 0 147 152 16 154 9 5 269 0
271 42 1 -4 -35 0 148 149 15 156 12 7 269 270 0
272 1 37 -35 -4 0 16 10 147 5 271 151 154 269 0
273 1 -4 -35 0 15 11 148 7 271 150 156 272 269 0
274 7 32 0 158 3 267 269 273 223 268 0
275 4 35 0 158 3 267 206 266 0
276 24 25 -13 26 0 54 181 105 0
277 24 17 -13 26 0 56 192 107 276 0
278 17 14 -13 26 0 105 193 54 0
279 17 -13 26 0 174 187 183 60 277 103 278 107 56 0
280 14 26 -13 0 64 67 99 197 96 279 190 104 194 105 59 54 0
281 -13 26 0 63 67 100 60 96 279 186 181 194 103 280 107 56 0
282 27 28 26 -11 0 46 50 113 109 281 0
284 12 -28 26 11 0 110 114 49 45 281 0
286 11 10 26 -29 0 109 116 50 47 118 284 281 41 0
288 49 29 10 -48 32 0 131 32 127 35 274 121 37 0
290 49 -10 -29 -48 32 0 30 129 34 274 126 40 124 0
296 -26 11 29 32 0 30 129 34 274 126 38 253 122 288 248 0
297 -26 -29 32 0 32 131 35 274 127 39 253 123 290 202 0
298 29 10 -48 32 0 129 30 126 34 274 122 38 288 0
299 -26 32 0 111 115 52 48 119 249 198 296 44 297 298 253 274 0
300 11 26 29 -10 0 116 109 47 117 50 284 281 42 0
301 48 29 32 0 48 49 115 300 110 281 282 119 299 44 252 274 0
302 48 32 0 49 201 110 281 282 228 43 301 299 120 286 274 0
303 29 32 0 48 49 115 300 110 281 282 119 299 44 298 302 0
304 10 26 -29 0 49 201 110 281 282 43 120 286 0
305 32 0 131 127 302 123 303 290 304 299 32 274 35 39 0
306 31 -47 0 130 305 0
307 -31 47 0 132 305 0
308 33 -46 0 135 305 0
309 -33 46 0 136 305 0
311 48 29 7 10 0 218 305 0
312 -45 -33 -7 -35 4 0 220 305 0
313 -10 -29 7 -49 48 0 225 305 0
314 6 4 -7 -35 0 230 305 0
317 45 6 33 35 -4 0 143 20 137 21 0
319 45 -6 35 -33 -4 0 18 141 24 140 0
321 37 1 -35 -4 0 10 16 5 271 147 154 151 269 0
322 1 -35 -4 0 11 15 7 271 148 156 150 321 269 0
324 10 48 4 29 0 308 312 28 214 275 311 314 0
325 33 35 -7 -4 0 18 141 22 138 317 28 308 0
326 35 -4 -7 0 143 20 139 23 319 325 27 309 0
327 10 48 29 0 158 3 267 269 322 326 324 311 0
328 49 10 7 29 0 31 307 35 127 37 327 121 0
329 10 29 7 0 29 306 34 126 38 327 122 328 0
330 4 -7 0 17 142 24 140 275 312 314 308 28 0
331 -7 0 158 3 267 269 322 330 326 0
334 8 47 0 29 331 0
335 -8 -47 0 31 331 0
341 -49 -10 -29 48 0 313 331 0
344 10 29 0 329 331 0
345 26 29 0 48 49 115 300 110 281 282 119 44 344 0
346 29 0 111 345 52 198 249 248 344 119 44 115 48 0
349 30 -49 0 123 346 0
350 -30 49 0 124 346 0
352 10 -26 0 202 346 0
354 10 26 0 304 346 0
356 -49 48 -10 0 341 346 0
357 10 0 354 352 0
358 9 -49 0 39 357 0
359 -9 49 0 40 357 0
363 48 -49 0 356 357 0
364 -48 49 0 306 126 334 34 350 359 0
376 48 0 335 307 125 350 363 33 359 0
377 49 0 364 376 0
378 30 0 349 377 0
379 9 0 358 377 0
380 31 0 127 378 376 0
381 8 0 35 379 376 0
382 47 0 307 380 0
383 0 335 382 381 0
