1 -7 -1 0 0
2 -13 -1 0 0
3 -19 -1 0 0
4 -1 -25 0 0
5 -31 -1 0 0
6 -37 -1 0 0
7 -7 -13 0 0
8 -7 -19 0 0
9 -7 -25 0 0
10 -7 -31 0 0
11 -7 -37 0 0
12 -13 -19 0 0
13 -13 -25 0 0
14 -13 -31 0 0
15 -13 -37 0 0
16 -19 -25 0 0
17 -19 -31 0 0
18 -19 -37 0 0
19 -31 -25 0 0
20 -37 -25 0 0
21 -31 -37 0 0
22 -2 -8 0 0
23 -14 -2 0 0
24 -20 -2 0 0
25 -26 -2 0 0
26 -32 -2 0 0
27 -38 -2 0 0
28 -14 -8 0 0
29 -20 -8 0 0
30 -26 -8 0 0
31 -32 -8 0 0
32 -38 -8 0 0
33 -14 -20 0 0
34 -14 -26 0 0
35 -14 -32 0 0
36 -14 -38 0 0
37 -20 -26 0 0
38 -20 -32 0 0
39 -20 -38 0 0
40 -26 -32 0 0
41 -26 -38 0 0
42 -32 -38 0 0
43 -3 -9 0 0
44 -3 -15 0 0
45 -3 -21 0 0
46 -3 -27 0 0
47 -33 -3 0 0
48 -3 -39 0 0
49 -9 -15 0 0
50 -9 -21 0 0
51 -9 -27 0 0
52 -33 -9 0 0
53 -9 -39 0 0
54 -15 -21 0 0
55 -15 -27 0 0
56 -33 -15 0 0
57 -15 -39 0 0
58 -21 -27 0 0
59 -33 -21 0 0
60 -21 -39 0 0
61 -33 -27 0 0
62 -27 -39 0 0
63 -33 -39 0 0
64 -4 -10 0 0
65 -4 -16 0 0
66 -4 -22 0 0
67 -4 -28 0 0
68 -4 -34 0 0
69 -4 -40 0 0
70 -10 -16 0 0
71 -10 -22 0 0
72 -10 -28 0 0
73 -10 -34 0 0
74 -10 -40 0 0
75 -16 -22 0 0
76 -16 -28 0 0
77 -16 -34 0 0
78 -16 -40 0 0
79 -22 -28 0 0
80 -22 -34 0 0
81 -22 -40 0 0
82 -28 -34 0 0
83 -28 -40 0 0
84 -34 -40 0 0
85 -5 -11 0 0
86 -5 -17 0 0
87 -5 -23 0 0
88 -5 -29 0 0
89 -5 -35 0 0
90 -5 -41 0 0
91 -11 -17 0 0
92 -11 -23 0 0
93 -11 -29 0 0
94 -11 -35 0 0
95 -11 -41 0 0
96 -17 -23 0 0
97 -17 -29 0 0
98 -17 -35 0 0
99 -17 -41 0 0
100 -23 -29 0 0
101 -23 -35 0 0
102 -23 -41 0 0
103 -29 -35 0 0
104 -29 -41 0 0
105 -35 -41 0 0
106 -6 -12 0 0
107 -6 -18 0 0
108 -6 -24 0 0
109 -6 -30 0 0
110 -6 -36 0 0
111 -6 -42 0 0
112 -12 -18 0 0
113 -12 -24 0 0
114 -12 -30 0 0
115 -12 -36 0 0
116 -12 -42 0 0
117 -18 -24 0 0
118 -18 -30 0 0
119 -18 -36 0 0
120 -18 -42 0 0
121 -24 -30 0 0
122 -24 -36 0 0
123 -24 -42 0 0
124 -30 -36 0 0
125 -30 -42 0 0
126 -36 -42 0 0
127 2 1 5 3 4 6 0 0
128 8 7 9 12 10 11 0 0
129 14 18 15 13 16 17 0 0
130 20 19 23 24 21 22 0 0
131 28 30 27 26 25 29 0 0
132 35 32 33 31 34 36 0 0
133 42 38 41 39 37 40 0 0
134 -2 18 15 9 12 10 17 11 16 0 7 128 129 23 22 0
135 35 -8 33 36 17 15 18 34 16 0 14 129 132 31 28 0
136 39 42 33 41 34 36 40 -14 35 0 21 132 133 36 35 0
137 -32 40 6 12 11 41 5 3 9 39 42 1 0 128 11 64 31 133 127 42 26 0
138 15 14 11 17 18 -4 12 8 9 0 7 128 129 65 64 0
139 40 41 6 12 18 17 5 14 11 8 3 9 15 39 42 1 0 70 128 129 15 11 133 27 127 138 0
140 39 42 41 1 33 35 36 5 6 3 -14 40 0 68 127 136 23 0
141 -8 17 33 18 5 35 6 3 15 36 1 0 135 68 65 127 22 0
142 9 14 17 12 11 15 5 18 41 3 8 6 39 42 1 0 134 127 78 74 138 139 0
144 -13 40 12 35 41 8 11 36 9 33 39 42 0 132 42 73 14 133 128 15 7 0
145 14 40 18 35 41 11 17 12 8 36 9 15 33 39 42 0 42 132 133 11 10 77 128 70 129 144 0
146 14 8 18 41 35 11 12 17 36 9 15 33 39 42 0 7 128 129 78 74 145 0
147 40 41 12 11 8 35 -14 36 9 33 39 42 0 128 11 73 133 136 36 0
148 9 11 15 12 41 17 18 33 36 35 8 39 42 0 10 128 132 84 35 74 147 146 0
149 -37 32 18 15 33 36 35 14 17 0 77 129 132 21 15 0
150 -8 17 33 41 15 18 35 36 39 42 0 135 84 78 133 149 32 28 31 0
151 35 -13 33 34 42 40 41 39 36 0 42 132 133 15 14 0
152 40 41 18 17 -2 35 14 36 15 33 39 42 0 133 149 27 26 0
153 40 41 6 18 17 35 5 14 36 3 15 33 39 42 1 0 151 129 68 65 127 152 0
154 17 5 33 18 41 3 36 35 6 15 14 39 42 1 0 132 14 26 84 129 127 78 69 153 0
155 36 17 6 12 18 41 35 3 9 15 33 39 42 1 0 69 127 140 23 85 154 148 150 0
156 -31 40 6 12 11 41 5 3 9 39 42 1 0 64 127 128 32 10 27 133 21 0
157 9 40 3 12 41 5 11 6 35 36 33 39 42 1 0 11 128 133 27 22 73 127 68 132 156 137 0
158 36 35 6 12 18 41 3 9 15 33 39 42 1 0 10 128 132 26 84 22 91 74 127 69 86 157 155 0
159 40 41 6 12 18 17 11 8 5 3 9 15 39 42 1 0 128 11 64 133 127 36 23 142 0
160 9 6 17 12 11 18 3 41 5 40 15 39 42 1 0 129 15 65 28 133 127 32 22 159 0
161 36 41 6 12 18 3 9 15 33 39 42 1 0 134 127 78 94 98 74 69 89 160 158 0
162 36 8 12 18 35 11 17 -4 9 15 33 0 132 10 35 68 128 138 64 0
163 36 10 12 18 35 -2 11 17 8 9 15 33 0 132 77 10 26 134 128 0
164 36 18 6 12 3 9 15 33 39 42 1 0 14 129 132 73 105 26 70 99 23 163 127 141 95 162 90 161 0
165 40 29 18 17 41 35 14 32 30 34 36 15 27 33 39 42 0 131 41 19 76 133 132 149 129 151 0
166 40 41 18 29 17 14 35 30 34 36 15 27 33 39 42 0 20 131 133 42 40 76 165 129 151 0
167 40 41 18 29 17 14 30 35 36 15 27 33 39 42 0 41 131 133 15 13 82 129 77 166 0
168 35 17 15 41 42 18 30 27 29 39 36 40 33 0 131 20 82 34 133 136 36 167 0
169 35 -13 33 29 30 34 28 36 27 0 40 131 132 14 13 0
170 36 17 12 18 30 41 35 9 15 27 33 39 42 0 19 131 132 35 84 34 93 83 129 169 78 168 148 150 0
171 -13 8 12 41 29 40 11 30 9 27 39 42 0 131 41 72 13 133 128 15 7 0
172 40 29 12 18 41 17 14 11 30 8 9 15 27 39 42 0 41 131 133 11 9 76 128 70 129 171 0
173 40 41 12 18 29 17 11 30 14 9 15 27 39 42 0 76 129 131 20 30 15 133 32 172 0
174 42 40 30 17 27 9 41 39 15 11 12 29 18 0 72 128 131 20 34 11 28 133 36 173 0
175 -13 28 30 29 11 9 12 10 27 0 30 128 131 13 7 0
176 36 17 12 30 18 41 9 15 27 33 39 42 0 9 128 131 34 103 83 28 94 74 129 175 78 174 170 0
177 -16 36 12 35 29 11 30 8 9 27 33 0 40 131 132 10 77 9 76 128 70 0
178 -13 36 12 35 29 11 30 8 9 27 33 0 169 73 72 128 7 0
179 35 32 12 33 11 9 36 8 -25 0 73 128 132 19 9 0
180 36 8 12 18 29 11 30 35 17 9 15 27 33 0 10 128 132 82 35 72 131 179 34 129 178 177 0
181 -8 36 18 29 35 30 34 17 15 27 33 0 131 19 76 30 132 135 31 0
182 36 17 30 12 18 9 15 27 33 39 42 0 175 129 82 95 73 104 77 28 181 180 105 176 0
183 -7 28 27 29 30 34 35 36 33 0 40 131 132 10 9 0
184 35 -26 42 39 33 41 40 34 36 0 21 132 133 41 40 0
185 36 11 12 41 35 29 30 28 34 8 9 27 33 39 42 0 42 179 133 20 74 131 184 128 183 0
186 36 34 12 41 35 30 29 11 8 9 27 33 39 42 0 42 132 133 11 83 10 128 72 185 0
187 35 8 42 41 29 30 27 39 36 11 12 9 33 0 41 131 133 11 84 9 82 128 73 186 0
188 42 38 41 27 29 39 30 26 -31 0 83 131 133 21 19 0
189 36 18 12 3 9 15 27 33 39 42 1 0 20 131 133 84 99 32 82 109 97 30 132 188 98 31 187 91 182 164 0
190 35 42 27 30 41 29 34 33 28 36 40 39 0 42 132 133 20 19 131 184 0
191 -32 1 15 3 18 16 6 13 4 0 86 127 129 35 26 0
192 36 28 18 29 35 6 34 30 -40 3 15 27 33 1 0 86 127 129 34 169 78 25 69 131 19 132 191 0
193 -32 13 18 5 6 17 3 15 1 0 65 127 129 35 26 0
194 36 34 18 29 6 35 30 28 3 15 27 33 39 42 1 0 65 127 129 34 169 99 25 90 131 19 132 193 190 192 0
195 37 4 3 29 41 33 36 18 30 6 35 15 27 40 39 42 1 0 127 27 86 133 168 0
196 36 16 18 29 35 40 6 4 30 -25 3 15 27 33 39 42 1 0 23 127 129 99 13 90 195 20 0
197 15 1 35 18 42 30 39 27 6 29 36 28 33 3 0 168 90 86 84 127 25 68 131 196 77 194 0
198 -29 1 35 18 6 36 15 33 39 42 3 0 69 127 140 23 88 154 104 97 0
199 36 35 6 18 30 41 3 15 27 33 39 42 1 0 132 191 21 82 151 67 76 195 83 198 197 0
200 36 35 6 30 18 3 15 27 33 39 42 1 0 14 129 132 26 82 23 76 99 127 90 67 199 197 198 0
201 -26 16 18 17 41 40 15 39 42 0 15 129 133 41 34 0
202 42 30 27 16 41 15 39 29 18 28 40 17 0 36 129 133 20 13 131 201 0
203 28 29 18 6 5 17 41 30 40 3 15 27 39 42 1 0 20 131 133 27 25 127 65 202 0
204 42 30 27 3 41 39 29 40 17 15 18 1 6 5 0 15 129 133 27 23 76 127 67 203 0
205 36 18 3 9 15 27 33 39 42 1 0 13 129 131 25 114 103 83 23 78 98 127 69 106 89 204 105 200 189 0
206 12 39 42 29 1 35 9 30 36 41 33 27 6 3 4 -38 0 85 127 187 32 27 0
207 36 28 41 29 35 6 12 30 40 3 9 27 33 39 42 1 0 85 127 187 30 25 68 131 20 133 206 190 0
208 36 40 41 29 6 12 30 35 3 9 27 33 39 42 1 0 85 127 187 31 26 67 132 188 82 184 206 207 0
209 42 -2 30 41 29 27 39 40 28 0 20 131 133 27 25 0
210 -25 40 11 41 10 12 9 39 42 0 32 128 133 20 9 0
211 42 11 29 12 41 3 40 1 30 28 5 27 39 9 6 0 11 128 133 41 30 64 131 210 127 209 0
212 30 40 3 29 41 39 27 33 6 42 12 1 9 36 0 11 128 133 27 22 94 72 127 67 89 211 208 0
213 36 38 29 34 41 12 30 -5 9 27 33 39 42 0 132 188 31 89 30 187 85 0
214 9 38 29 33 12 30 41 6 36 27 3 39 42 1 0 128 94 9 22 74 132 131 188 26 84 25 83 127 213 69 212 0
215 12 39 42 1 30 29 41 33 27 36 3 9 6 0 89 127 206 27 69 214 212 0
216 9 6 12 30 41 3 33 27 36 39 42 1 0 10 128 132 26 103 84 22 93 74 127 69 88 157 215 0
217 9 -4 11 29 30 12 35 36 27 33 0 19 131 132 31 68 30 67 128 183 64 0
218 9 33 15 3 27 36 39 42 1 0 10 128 132 82 105 26 72 112 95 22 131 179 118 104 25 127 217 107 90 216 205 0
219 9 1 4 41 29 3 15 5 12 6 18 27 30 39 42 40 0 128 11 72 91 22 133 209 27 127 204 0
220 9 1 41 29 3 15 4 12 6 18 27 30 39 42 40 0 174 86 85 219 0
221 9 -2 28 18 29 16 12 15 10 27 30 0 91 128 129 13 23 9 22 131 25 0
222 42 9 41 29 12 3 1 15 6 27 30 39 4 18 0 9 128 131 34 83 28 74 85 129 175 78 86 127 221 220 0
223 1 29 15 42 30 18 27 9 39 12 41 3 6 0 211 91 86 67 69 202 65 222 0
224 9 -25 15 17 11 8 12 14 18 0 70 128 129 13 9 0
225 9 -2 11 17 29 12 15 18 27 30 0 134 76 72 131 224 25 22 23 0
226 9 1 29 18 12 3 15 27 30 39 42 6 0 9 128 131 34 67 28 64 95 129 175 65 99 127 225 90 223 0
227 -21 42 1 0 134 127 78 115 119 93 97 74 50 54 69 45 110 88 160 104 60 226 58 124 218 59 0
228 42 11 12 18 15 41 39 28 17 27 30 29 9 0 9 128 131 34 28 74 129 175 78 174 0
229 -7 39 41 40 42 27 30 29 28 0 41 131 133 11 9 0
230 -26 42 41 24 21 39 23 22 40 0 18 133 130 41 37 0
231 28 27 29 23 30 8 39 11 40 24 41 42 12 21 9 0 39 130 133 20 16 71 131 230 128 229 0
232 28 27 29 23 30 39 24 12 11 41 42 8 21 9 0 37 130 131 9 8 81 128 74 231 0
233 12 39 15 28 41 9 24 21 18 27 30 29 11 42 0 81 130 133 20 32 16 96 29 131 30 232 228 0
234 12 28 15 18 42 9 8 11 1 40 39 41 30 27 29 0 47 223 187 108 98 122 233 174 227 0
235 -18 42 9 40 28 8 1 12 11 39 41 30 27 29 0 47 127 187 101 119 87 64 209 107 231 117 227 128 229 0
236 42 11 12 28 1 6 9 40 8 39 41 30 27 29 0 232 122 87 227 212 127 44 56 64 209 234 235 128 229 0
237 9 -25 28 40 11 12 42 39 41 30 27 29 0 101 231 187 110 56 32 108 227 236 4 234 235 133 20 0
238 42 40 30 27 41 29 11 9 39 12 28 0 101 231 187 110 56 30 108 227 234 236 235 6 133 41 131 237 0
239 9 8 15 18 11 40 6 12 42 39 41 30 27 29 0 122 130 187 98 47 96 227 8 39 79 223 174 1 128 72 238 133 11 0
240 9 8 18 40 11 6 12 42 39 41 30 27 29 0 130 122 87 227 8 39 79 212 127 44 56 1 67 27 239 128 72 238 133 11 0
241 9 8 18 40 11 12 42 39 41 30 27 29 0 56 174 187 101 110 96 130 108 227 8 39 79 240 1 128 72 238 133 11 0
242 8 29 42 41 30 27 39 40 9 11 12 0 47 127 187 101 119 87 1 67 27 107 130 117 227 8 39 79 241 133 11 128 72 238 0
243 9 36 40 18 33 11 6 12 42 39 41 30 27 29 0 174 44 98 212 132 6 31 188 82 133 32 242 30 238 0
244 42 4 12 6 18 -33 1 9 39 41 30 27 29 0 222 56 47 0
245 9 6 40 18 11 12 42 39 41 30 27 29 0 44 127 174 96 87 6 67 22 130 122 227 18 29 79 243 244 133 32 242 238 0
246 9 11 18 40 12 42 39 41 30 27 29 0 56 174 132 101 31 188 82 110 96 130 108 227 18 29 79 245 242 32 30 238 6 133 0
247 42 40 30 27 41 29 11 9 39 12 0 47 127 132 101 31 188 82 119 87 6 67 22 107 130 117 227 18 29 79 246 133 32 30 242 238 0
248 9 36 33 18 11 1 6 12 42 39 41 30 27 29 0 132 188 31 98 84 30 32 187 228 44 83 215 247 0
249 42 11 12 6 24 3 9 1 8 39 41 30 27 29 0 25 131 127 87 69 9 83 232 128 227 74 247 0
250 9 1 33 18 11 6 12 42 39 41 30 27 29 0 130 16 87 227 122 29 81 131 127 30 83 22 69 44 249 233 248 247 0
251 28 30 27 29 9 12 10 -1 11 0 30 128 131 4 1 0
252 9 6 18 11 12 42 39 41 30 27 29 0 250 244 251 69 83 247 74 0
253 9 8 33 24 11 36 12 42 39 41 30 27 29 0 101 232 187 83 227 247 251 74 0
254 42 11 12 36 24 33 9 39 41 30 27 29 0 130 101 16 227 29 81 132 131 31 84 188 30 32 83 253 251 74 247 0
255 9 6 11 12 42 39 41 30 27 29 0 130 16 87 227 117 29 81 131 127 30 83 22 251 69 47 249 254 119 252 247 74 0
256 30 42 41 27 29 39 9 11 12 0 56 233 254 108 110 107 83 227 255 251 74 247 0
257 9 36 18 1 33 6 12 42 39 41 30 27 29 0 132 188 35 94 84 34 36 129 169 44 78 91 83 168 215 256 0
258 42 30 21 41 29 27 23 40 39 22 28 24 0 39 130 133 20 16 131 230 0
259 28 17 40 24 18 6 5 1 23 42 39 41 30 27 29 0 44 127 202 75 66 209 258 227 0
260 28 -2 30 23 29 21 24 22 27 0 16 130 131 25 24 0
261 -25 16 23 15 24 18 22 21 17 0 33 129 130 16 13 0
262 28 23 1 5 24 17 18 6 42 39 41 30 27 29 0 12 129 130 37 227 81 34 44 78 131 261 127 260 69 259 0
263 -20 40 15 18 17 16 42 39 41 0 15 133 129 39 33 0
264 42 16 17 15 41 39 40 23 24 18 22 21 0 36 129 133 18 12 130 263 0
265 9 1 33 18 6 12 42 39 41 30 27 29 0 18 133 130 27 83 24 92 227 122 79 127 44 85 67 264 76 91 262 257 256 0
266 28 24 21 33 36 23 35 40 42 39 41 30 27 29 0 80 258 190 0
267 28 -19 33 34 36 35 30 27 29 0 40 131 132 17 16 0
268 35 42 21 33 36 27 39 29 30 41 23 24 28 0 188 132 39 37 38 84 130 267 81 266 0
269 -20 26 35 36 34 42 33 39 41 30 27 29 0 188 132 39 38 0
270 9 1 33 6 12 42 39 41 30 27 29 0 42 132 133 18 83 17 94 119 82 130 269 92 227 117 79 230 268 265 256 0
271 -26 23 33 17 13 19 31 37 35 42 39 41 0 54 130 129 122 37 81 119 34 78 132 84 40 133 41 0
272 23 -1 33 17 35 42 39 41 30 27 29 0 54 130 129 122 3 39 79 119 36 2 76 132 42 5 82 133 83 6 131 271 4 0
273 9 33 12 42 39 41 30 27 29 0 42 132 133 18 83 17 94 110 82 130 269 92 227 108 79 230 268 270 272 91 256 0
274 28 23 24 3 40 15 5 21 17 42 39 41 30 27 29 0 41 131 133 6 4 127 107 209 66 202 75 258 0
275 42 -19 40 41 5 6 39 3 4 0 27 133 127 18 3 0
276 42 21 24 3 40 23 15 17 5 39 41 30 27 29 0 6 127 133 39 24 107 67 130 275 79 264 76 274 0
277 -25 23 17 4 16 24 3 22 15 5 21 2 0 107 127 261 4 0
278 42 21 24 3 23 15 17 5 39 41 30 27 29 0 107 127 129 12 34 78 3 260 69 130 37 81 131 277 83 276 0
279 17 27 15 18 29 13 30 -38 25 0 76 129 131 41 36 0
280 42 30 12 29 27 41 39 9 0 34 129 131 83 4 78 56 117 2 91 133 279 6 223 47 108 278 85 59 92 273 256 0
281 28 23 40 18 24 3 15 21 33 42 39 41 30 27 29 0 41 131 133 6 4 127 110 209 86 66 190 98 80 202 75 258 0
282 28 23 22 18 16 17 24 15 21 30 27 29 0 12 129 130 37 34 131 261 0
283 28 23 18 24 3 15 21 33 42 39 41 30 27 29 0 37 130 131 4 3 81 127 110 260 86 69 268 98 282 78 281 0
284 28 23 24 3 15 21 33 42 39 41 30 27 29 0 278 98 89 268 119 283 0
285 42 35 18 15 40 3 5 17 33 39 41 30 27 29 0 133 279 6 2 4 204 110 168 0
286 28 -2 16 18 17 15 30 27 29 0 13 129 131 25 23 0
287 -25 4 18 16 2 34 5 17 35 3 15 33 0 132 35 110 19 129 127 13 4 0
288 28 5 18 17 35 3 15 33 42 39 41 30 27 29 0 110 127 169 2 286 69 129 84 34 78 131 287 285 0
289 -4 28 35 36 33 42 39 41 30 27 29 0 190 69 68 0
290 28 4 6 40 5 3 42 39 41 30 27 29 0 41 131 133 6 4 127 209 0
291 -26 35 4 6 34 5 36 3 33 0 5 127 132 40 25 0
292 3 28 15 41 21 33 39 42 24 30 27 29 0 26 132 127 19 101 119 84 4 107 87 289 131 291 290 288 96 284 0
293 42 33 18 24 3 15 17 21 39 41 30 27 29 0 285 101 87 83 264 79 76 292 0
294 23 1 6 5 4 22 24 40 3 21 42 39 41 0 24 130 127 275 0
295 40 29 36 42 35 23 30 21 39 33 22 27 34 41 24 0 42 132 133 18 17 130 269 230 0
296 4 -17 24 3 22 33 34 21 40 42 39 41 30 27 29 0 133 39 6 130 294 275 96 110 86 295 98 0
297 -2 26 35 34 36 33 42 39 41 30 27 29 0 188 132 27 26 0
298 5 24 3 15 21 33 42 39 41 30 27 29 0 42 132 133 6 83 5 119 101 82 127 297 107 67 184 276 296 292 293 79 0
299 42 33 24 15 3 21 39 41 30 27 29 0 295 89 87 119 79 82 83 298 293 296 67 292 0
300 42 35 15 3 6 40 18 1 36 33 39 41 30 27 29 0 188 132 27 184 26 82 127 67 86 197 168 0
301 42 35 15 6 3 18 40 36 33 39 41 30 27 29 0 82 131 132 42 5 41 4 133 6 300 0
302 39 42 15 41 18 40 36 33 3 6 30 27 29 0 133 279 6 2 98 4 204 89 301 0
303 42 35 6 15 18 3 33 28 36 34 39 30 27 29 0 40 132 131 5 4 197 0
304 28 30 27 29 17 15 -2 18 16 0 13 129 131 25 23 0
305 42 -9 30 39 41 29 27 0 34 129 131 4 83 2 49 117 78 98 127 304 108 69 89 43 303 52 84 122 302 299 50 0
306 42 35 3 15 33 39 41 30 27 29 0 303 84 83 106 112 115 302 280 305 0
307 42 35 15 40 33 39 41 30 27 29 0 295 82 79 115 113 96 45 268 168 112 280 305 306 0
308 35 33 15 29 30 42 41 39 27 0 188 132 36 34 35 115 84 129 169 112 78 96 268 83 113 45 307 306 280 305 0
309 42 35 28 40 33 39 41 30 27 29 0 41 133 131 6 4 127 68 106 44 87 209 190 268 115 113 54 280 305 308 0
310 42 35 33 26 -2 34 39 41 30 27 29 0 188 132 27 26 115 280 305 0
311 42 35 40 33 39 41 30 27 29 0 42 132 133 6 5 115 82 127 310 106 44 67 87 184 295 113 79 54 309 280 305 308 0
312 42 35 33 26 39 41 30 27 29 0 4 127 131 310 106 44 69 87 83 84 280 305 308 311 268 54 115 113 0
313 42 35 33 39 41 30 27 29 0 5 127 132 40 115 84 25 106 44 69 87 312 268 83 113 54 311 308 280 305 0
314 42 5 28 40 3 23 1 39 41 30 27 29 0 66 127 258 209 106 113 227 280 305 0
315 42 5 28 3 23 1 39 41 30 27 29 0 260 127 81 113 227 69 106 314 280 305 0
316 42 5 28 3 23 17 39 41 30 27 29 0 54 129 130 81 113 3 37 78 2 112 34 133 41 6 131 4 315 280 305 0
317 42 33 3 39 41 30 27 29 0 6 127 133 39 83 24 106 67 89 130 54 113 101 79 275 302 112 115 316 98 280 305 313 0
318 42 21 28 23 15 40 17 39 41 30 27 29 0 75 202 258 113 112 280 305 0
319 27 30 15 29 21 17 28 23 41 42 39 0 12 129 130 37 113 81 34 112 78 131 261 318 280 305 0
320 42 33 39 30 29 41 27 0 264 83 79 113 112 98 101 44 45 76 319 317 313 280 305 0
321 42 -1 40 28 39 41 30 27 29 0 41 133 131 6 4 0
322 42 23 40 28 39 41 30 27 29 0 86 314 319 47 321 56 59 320 0
323 42 28 40 39 41 30 27 29 0 204 96 87 106 56 47 112 321 322 280 305 320 0
324 42 23 28 39 41 30 27 29 0 37 130 131 4 3 113 81 59 315 86 47 319 56 280 305 323 320 0
325 42 28 39 41 30 27 29 0 34 129 131 4 2 56 112 78 96 127 304 106 47 69 87 324 323 320 280 305 0
326 42 22 3 6 23 15 18 21 4 24 40 16 39 41 0 6 127 133 39 24 86 130 275 264 0
327 42 30 39 29 41 27 0 133 279 6 83 2 56 112 96 4 204 106 47 87 326 67 76 59 79 113 325 320 280 305 0
328 17 22 21 5 1 15 23 3 28 6 18 24 30 27 29 0 12 129 130 37 34 65 131 261 127 260 0
329 1 17 5 -22 15 3 28 6 18 30 27 29 0 304 127 75 66 0
330 -2 17 33 9 15 28 12 18 36 30 27 29 0 94 128 132 19 26 77 9 22 70 131 304 25 0
331 -25 16 33 9 34 10 17 15 12 18 36 0 94 128 132 35 19 28 9 129 13 0
332 1 17 5 15 23 3 28 6 12 18 24 36 30 27 29 0 169 94 129 59 68 138 34 65 50 127 30 131 331 64 330 328 329 0
333 17 -26 21 11 16 35 15 23 28 12 18 24 36 30 27 29 0 52 169 175 80 129 71 130 12 37 34 0
334 16 11 21 17 35 15 23 28 12 18 24 36 30 27 29 0 52 132 128 80 35 19 71 28 9 129 261 13 131 333 0
335 -25 23 34 22 12 21 35 24 11 10 36 0 52 132 128 38 19 29 9 130 16 0
336 17 11 21 35 15 23 28 12 18 24 36 30 27 29 0 52 132 128 17 77 40 8 70 30 130 37 75 131 335 334 0
337 -13 11 33 9 35 28 12 36 30 27 29 0 73 175 169 0
338 -14 11 33 9 35 28 12 36 30 27 29 0 179 131 35 28 34 0
339 35 33 9 34 12 36 11 -26 10 0 10 128 132 40 30 0
340 1 17 15 23 3 28 6 12 18 24 36 30 27 29 0 31 128 132 19 89 59 77 9 85 50 70 131 339 129 338 337 336 332 0
341 -32 19 21 1 5 23 3 6 24 0 66 127 130 38 26 0
342 1 31 33 19 21 5 35 23 3 28 6 24 36 30 27 29 0 260 127 80 68 132 341 0
343 -8 31 33 1 5 35 3 6 36 0 68 127 132 31 22 0
344 -25 1 33 5 11 35 23 3 28 6 12 24 36 30 27 29 0 127 64 26 128 179 343 9 50 19 342 16 0
345 3 6 11 35 28 33 1 5 23 12 24 36 30 27 29 0 130 17 50 66 37 132 339 68 40 64 131 127 25 344 0
346 -26 1 23 11 5 6 12 3 24 9 21 0 8 128 130 66 37 64 30 127 25 0
347 1 34 22 5 11 35 23 3 28 6 12 24 36 30 27 29 0 64 127 335 260 131 59 346 52 345 0
348 1 -22 5 7 9 11 3 6 12 0 22 127 128 71 66 0
349 1 15 23 3 28 6 12 18 24 36 30 27 29 0 68 127 347 260 86 348 91 98 59 9 52 131 346 345 340 0
350 -22 -1 15 28 12 18 36 30 27 29 0 52 132 251 98 5 80 40 91 71 129 75 2 34 131 4 0
351 -34 -1 9 15 28 12 18 30 27 29 0 91 251 129 77 2 34 73 131 4 0
352 12 3 15 24 6 28 18 23 36 30 27 29 0 70 251 129 98 2 34 94 349 50 132 351 5 59 40 130 350 37 3 131 4 0
354 -26 34 24 35 21 22 33 23 36 0 17 130 132 40 37 0
355 35 29 21 34 23 33 24 28 36 30 27 22 0 38 130 132 19 16 131 354 0
356 28 21 35 11 23 34 33 9 12 24 36 30 27 29 0 31 128 132 19 9 71 131 339 355 0
357 -25 23 11 12 10 9 22 24 21 0 29 128 130 16 9 0
358 27 30 35 29 24 33 21 28 23 36 11 9 12 0 8 128 130 37 80 30 73 131 357 356 0
359 21 24 23 22 35 6 33 28 1 5 3 36 30 27 29 0 68 127 355 260 0
360 9 28 23 1 24 33 35 3 6 12 21 36 30 27 29 0 19 131 132 26 80 25 127 66 85 359 358 0
361 1 3 11 23 9 21 22 5 28 6 12 24 30 27 29 0 64 127 357 260 131 346 0
362 9 28 23 1 33 24 3 6 12 21 36 30 27 29 0 22 127 128 71 94 9 66 89 361 131 346 360 0
363 12 3 24 6 28 18 23 36 30 27 29 0 94 251 132 80 5 56 40 71 362 49 130 37 54 3 131 4 352 0
364 -26 34 5 33 9 11 3 35 6 12 36 0 127 5 64 25 132 339 40 0
365 34 6 5 33 11 28 35 3 9 12 36 30 27 29 0 64 127 128 31 9 26 4 132 19 131 364 0
366 3 6 33 11 28 35 5 9 12 36 30 27 29 0 179 131 26 22 25 127 251 68 73 365 0
367 -26 13 1 15 5 3 17 6 18 0 65 127 129 34 25 0
368 34 6 15 33 5 1 17 35 28 3 18 36 30 27 29 0 65 127 129 35 169 26 132 19 131 367 0
369 17 27 15 33 29 28 35 3 5 18 36 6 30 34 0 40 131 132 5 4 368 0
370 3 6 33 11 17 35 28 5 12 18 36 30 27 29 0 34 129 131 4 2 49 77 127 304 68 369 366 0
371 -4 12 17 9 11 15 7 13 18 0 28 128 129 65 64 0
372 -25 9 5 11 1 3 15 17 28 6 12 18 30 27 29 0 70 128 304 22 9 127 371 13 0
373 3 28 11 1 9 15 17 5 6 12 18 30 27 29 0 138 127 34 30 25 131 372 0
374 12 28 24 6 18 3 36 30 27 29 0 129 34 70 56 96 2 131 251 4 373 92 52 87 370 101 363 0
375 -19 14 11 32 8 9 15 33 12 18 36 0 98 129 132 73 17 70 12 128 8 0
376 -26 28 35 17 29 11 15 30 33 12 18 36 10 27 9 0 77 129 339 175 34 0
377 12 9 35 24 15 28 21 33 11 18 -26 36 30 27 29 0 169 129 73 70 34 96 376 358 0
378 12 9 24 15 28 21 33 11 18 -26 36 30 27 29 0 129 175 75 34 98 71 130 101 37 375 377 30 40 0
379 35 -8 17 36 13 31 33 15 18 0 77 129 132 31 28 0
380 12 28 35 15 24 9 33 11 18 21 36 30 27 29 0 129 35 70 13 96 179 128 379 131 9 19 358 378 0
381 -25 9 11 17 23 21 15 10 12 18 24 0 129 75 28 13 357 128 9 0
382 12 28 15 24 9 33 11 18 21 36 30 27 29 0 261 71 70 131 98 101 381 380 378 0
383 -25 24 15 17 23 16 33 35 18 21 36 0 132 35 80 19 129 261 13 0
384 15 16 18 30 29 23 33 35 17 24 36 27 28 21 0 80 130 169 12 37 129 34 131 383 0
385 28 30 27 24 6 12 36 18 29 0 355 77 75 92 94 45 47 384 44 91 382 43 374 0
386 15 -1 30 27 18 16 29 17 28 0 34 129 131 4 2 0
387 -26 9 28 16 11 12 29 27 30 17 18 15 33 36 35 0 169 73 129 376 34 0
388 12 28 16 9 11 29 27 30 17 18 15 33 36 35 0 35 129 179 379 131 13 19 387 0
389 12 28 9 11 29 27 30 17 18 15 33 36 35 0 379 128 19 175 9 70 131 376 388 0
390 -24 28 1 39 3 29 27 30 18 15 33 36 35 0 197 123 108 0
391 -9 12 28 16 29 27 30 17 18 15 33 36 35 0 305 102 111 53 384 385 390 50 386 43 0
392 -9 12 22 34 24 28 29 27 30 18 33 36 35 0 305 102 111 53 355 385 50 0
393 27 30 29 12 28 11 17 18 15 33 36 35 0 90 305 370 123 53 389 108 43 392 75 77 391 0
394 12 28 24 16 29 27 30 17 18 15 33 36 35 0 227 111 384 386 385 92 393 0
395 12 28 16 29 27 30 17 18 15 33 36 35 0 68 127 368 48 85 386 304 108 327 123 95 394 393 0
396 12 22 41 24 34 28 23 29 27 30 18 33 36 35 0 327 60 111 355 385 0
397 12 28 29 27 30 17 18 15 33 36 35 0 48 327 369 123 95 108 85 77 396 75 92 395 393 0
398 35 -7 18 34 17 15 33 16 36 0 35 129 132 10 7 0
399 -14 24 23 22 21 34 33 36 35 0 17 130 132 35 33 0
400 35 34 15 18 23 16 24 21 17 33 22 36 0 38 130 132 14 12 129 399 0
401 35 34 3 5 4 6 33 36 -13 0 26 127 132 14 2 0
402 -11 34 6 24 4 22 16 17 18 15 33 36 35 0 5 127 132 35 23 85 45 129 401 400 92 0
403 12 10 6 24 4 16 22 34 17 18 15 33 36 35 0 5 127 132 35 23 87 43 129 401 400 50 128 402 398 135 0
404 8 7 42 10 -21 12 29 27 30 0 95 327 128 60 50 0
405 12 24 29 27 30 17 18 15 33 36 35 0 53 308 128 102 111 92 398 135 72 400 404 76 79 82 403 67 397 0
406 -9 34 6 4 16 42 29 27 30 17 18 15 33 36 35 0 5 127 132 35 23 90 43 129 401 327 53 0
407 35 12 27 29 30 17 18 33 15 36 0 5 127 132 35 82 23 85 67 48 108 129 401 76 308 95 123 128 406 398 135 72 405 397 0
408 -14 34 16 29 27 30 17 18 15 33 36 35 0 48 308 127 102 116 87 23 5 67 106 400 79 113 227 131 19 34 132 35 407 0
409 34 16 29 27 30 17 18 15 33 36 35 0 48 308 127 102 116 87 26 2 67 106 400 79 113 227 132 169 14 129 408 407 0
410 34 -23 29 27 30 17 18 15 33 36 35 0 48 308 369 102 116 87 106 76 407 409 0
411 34 29 27 30 17 18 15 33 36 35 0 90 327 369 60 116 45 106 76 355 410 113 75 409 407 0
412 35 18 15 30 29 17 33 27 36 0 48 308 127 102 116 87 304 386 68 106 384 227 82 77 113 411 407 0
413 35 4 3 5 18 34 6 16 15 33 17 36 0 5 132 127 35 23 129 401 0
414 23 -4 24 34 11 16 41 17 18 15 33 36 35 0 132 35 5 129 227 151 116 400 69 60 128 50 135 398 64 66 0
415 23 6 24 41 5 34 16 11 17 18 15 33 36 35 0 21 132 133 36 116 81 48 35 129 151 128 71 135 398 43 400 45 413 414 0
416 16 42 12 -4 34 11 41 17 18 15 33 36 35 0 21 132 133 36 69 53 35 129 151 128 64 135 398 0
417 23 6 41 5 34 16 11 17 18 15 33 36 35 0 21 132 133 36 123 74 48 35 129 151 128 43 135 398 113 413 416 415 0
418 23 -13 41 24 34 16 39 42 17 18 15 33 36 35 0 400 81 227 151 2 0
419 35 41 15 42 18 23 24 39 16 34 33 17 36 0 81 400 133 227 21 36 5 132 35 129 418 0
420 23 16 41 5 34 11 17 18 15 33 36 35 0 71 128 400 60 108 53 135 398 106 419 111 417 0
421 -32 23 22 42 24 41 40 21 39 0 18 130 133 42 38 0
422 23 21 41 22 42 24 34 40 39 33 36 35 0 39 130 133 21 17 132 421 0
423 35 22 42 34 24 39 41 23 33 40 36 0 42 132 133 6 5 227 422 0
424 -31 23 22 5 24 4 10 9 11 3 21 0 106 127 128 29 10 24 5 130 17 0
425 23 -39 4 22 11 24 34 5 10 33 36 35 0 106 127 128 8 53 31 3 48 26 130 38 60 132 424 0
426 -32 4 24 5 6 12 10 22 21 11 23 0 43 127 128 8 31 3 26 130 38 0
427 23 21 24 5 11 4 12 22 34 10 6 33 36 35 0 43 127 128 29 10 24 5 130 17 132 426 0
428 -31 10 11 12 5 3 9 6 4 0 22 128 127 10 5 0
429 23 34 24 5 41 11 17 18 15 33 36 35 0 1 128 127 26 65 111 45 379 70 116 50 132 428 401 427 75 423 425 78 420 0
430 -3 8 10 38 11 40 42 12 41 0 11 128 133 48 43 0
431 -32 42 5 11 12 6 4 10 40 41 0 53 128 133 6 42 1 31 127 430 26 0
432 -38 4 5 6 12 10 1 7 11 0 43 127 128 32 27 0
433 23 34 5 41 11 17 18 15 33 36 35 0 428 53 48 108 132 113 65 70 133 432 78 123 21 5 10 431 429 420 0
434 4 10 5 11 6 12 9 16 3 17 18 15 33 36 35 0 379 128 2 428 1 127 134 0
435 -2 23 41 22 39 21 40 16 17 18 15 0 123 130 133 15 27 12 24 129 23 0
436 23 3 11 41 5 12 6 17 18 15 33 36 35 0 123 130 133 36 84 53 6 33 80 50 3 129 2 77 127 435 68 434 73 433 0
437 23 -8 24 22 16 21 17 18 15 0 12 129 130 29 28 0
438 23 21 24 11 10 16 22 12 9 17 18 15 0 33 129 130 8 7 128 437 0
439 -3 8 11 12 10 42 16 40 41 17 18 15 0 129 36 7 430 128 43 0
440 23 -3 11 12 10 22 16 40 41 17 18 15 0 15 129 133 32 48 123 28 439 438 43 45 0
441 23 9 24 11 10 42 16 12 22 17 18 15 33 36 35 0 379 5 2 128 1 227 438 0
442 23 41 5 11 12 17 18 15 33 36 35 0 264 53 50 80 77 84 108 111 441 73 436 440 433 0
443 -14 22 3 21 5 23 24 4 6 0 3 130 127 33 23 0
444 23 21 5 41 42 22 6 24 40 4 16 17 18 15 0 24 130 127 12 2 48 129 443 264 0
445 -29 35 18 17 33 36 15 0 36 129 133 6 104 84 60 116 2 77 227 444 68 88 106 80 100 113 442 93 433 0
446 23 22 16 21 -9 24 17 18 15 33 36 35 0 24 130 127 12 2 90 68 109 43 129 443 264 125 84 53 412 51 445 400 0
447 23 22 41 42 16 5 21 24 17 18 15 33 36 35 0 412 109 62 445 444 264 68 84 400 0
448 15 16 12 24 18 23 21 17 22 33 36 35 0 2 129 127 435 85 68 111 46 443 62 84 95 412 125 445 447 438 446 73 400 0
449 -2 23 22 34 21 24 33 36 35 0 17 130 132 26 24 0
450 35 -1 22 23 24 34 33 21 36 0 38 130 132 5 3 0
451 35 34 9 12 11 -20 33 10 36 0 10 128 132 38 29 0
452 23 6 12 22 21 -39 24 17 18 15 33 36 35 0 379 128 17 12 8 70 85 53 130 451 77 127 48 449 65 450 448 0
453 23 21 42 12 22 6 24 17 18 15 33 36 35 0 427 95 90 65 70 77 423 452 78 448 0
454 23 22 42 12 21 24 17 18 15 33 36 35 0 128 8 31 70 95 51 130 132 451 424 77 90 65 46 423 62 78 412 109 445 453 448 0
455 23 22 12 21 24 17 18 15 33 36 35 0 379 128 12 17 8 70 85 51 130 451 77 127 46 449 65 450 111 412 125 445 454 448 0
456 23 22 34 21 24 17 18 15 33 36 35 0 90 127 423 78 116 62 449 46 65 450 106 400 455 412 445 114 0
457 23 22 21 24 17 18 15 33 36 35 0 24 130 127 12 2 46 68 90 106 129 443 77 264 84 116 62 456 412 114 445 455 0
458 17 10 23 16 34 24 -3 18 15 33 36 35 0 95 128 419 125 48 114 135 398 43 412 46 445 0
459 -5 34 12 42 10 16 23 24 17 18 15 33 36 35 0 53 128 419 90 85 135 398 0
460 23 10 12 42 34 16 4 24 17 18 15 33 36 35 0 95 128 419 62 51 135 398 412 109 445 413 459 458 0
461 23 10 42 34 16 4 24 17 18 15 33 36 35 0 419 62 90 412 413 114 445 106 458 460 0
462 -22 23 24 17 18 15 33 36 35 0 128 51 85 135 71 398 116 412 413 125 445 111 75 66 80 458 461 0
463 23 34 24 17 18 15 33 36 35 0 95 128 423 78 462 125 60 70 50 379 1 114 129 35 2 132 5 412 445 58 457 227 0
464 35 24 15 23 18 33 17 36 0 133 36 95 60 84 6 125 129 128 77 2 73 50 379 1 114 463 5 227 457 412 58 445 462 0
465 -9 34 4 16 42 5 41 17 18 15 33 36 35 0 109 305 413 43 445 51 53 0
466 40 16 39 34 42 41 17 18 15 33 36 35 0 21 132 133 36 35 129 151 0
467 34 16 12 42 5 11 41 17 18 15 33 36 35 0 109 412 413 62 445 48 416 466 74 128 465 135 398 0
468 40 4 6 12 39 10 34 42 5 11 41 33 36 35 0 133 432 21 5 10 132 431 0
469 -8 13 39 40 42 41 17 18 15 33 36 35 0 21 379 133 32 0
470 34 42 12 39 5 11 41 17 18 15 33 36 35 0 42 132 133 11 78 10 128 469 70 51 151 412 109 445 468 65 467 0
471 34 42 12 5 11 41 17 18 15 33 36 35 0 132 428 431 109 53 65 70 48 78 412 62 445 470 467 0
472 -8 40 39 42 41 17 18 15 33 36 35 0 15 469 133 32 0
473 -14 40 6 39 3 4 42 5 41 0 6 133 127 36 23 0
474 10 4 6 12 39 3 16 40 42 5 11 41 17 18 15 0 133 432 15 2 7 129 473 0
475 42 39 12 5 11 41 17 18 15 33 36 35 0 36 129 133 11 84 7 77 128 51 73 472 412 109 445 474 439 68 471 0
476 42 12 5 11 41 17 18 15 33 36 35 0 109 412 434 62 445 53 68 73 77 48 475 471 0
477 4 16 3 6 39 42 5 41 17 18 15 33 36 35 0 27 133 127 15 84 2 129 473 413 0
478 -37 4 34 3 6 5 33 36 35 0 26 132 127 21 6 0
479 4 42 6 39 3 5 41 17 18 15 33 36 35 0 5 132 127 42 77 27 133 478 78 477 0
480 17 5 42 11 41 18 15 33 36 35 0 466 69 65 62 68 479 46 106 412 114 445 476 0
481 17 3 5 11 4 9 34 12 6 18 15 33 36 35 0 1 127 128 26 379 70 132 428 401 413 0
482 17 3 5 11 9 4 12 6 18 15 33 36 35 0 379 128 2 428 1 73 127 134 77 481 0
483 -23 35 18 17 33 36 15 0 128 398 135 92 116 51 64 68 65 482 46 87 111 412 125 445 480 102 0
484 35 -2 42 39 34 41 33 40 36 0 21 132 133 27 26 0
485 17 4 5 34 18 15 33 36 35 0 42 132 133 6 123 95 62 78 5 127 484 108 46 413 464 483 482 113 51 407 121 445 0
486 -38 17 5 16 4 6 3 18 15 0 2 127 129 36 27 0
487 36 15 4 5 18 33 17 35 0 23 127 129 15 77 6 108 46 133 486 123 95 62 84 485 482 51 113 464 483 407 121 445 0
488 35 -4 15 18 33 17 36 0 21 132 133 36 123 95 62 69 35 68 129 151 65 128 398 135 113 51 64 464 483 407 121 445 0
489 17 34 16 18 15 33 36 35 0 21 132 133 36 123 90 62 74 35 129 151 128 398 85 113 51 135 464 483 487 488 407 121 445 0
490 17 -37 13 10 18 15 33 36 35 0 379 128 21 11 85 113 51 487 488 464 483 407 121 445 0
491 17 34 18 15 33 36 35 0 10 132 128 42 32 85 113 51 70 133 490 123 90 62 78 151 489 487 488 464 483 407 121 445 0
492 17 -38 9 11 12 16 10 18 15 0 7 129 128 36 32 0
493 17 18 15 33 36 35 0 490 15 133 73 492 123 90 62 84 51 85 113 77 491 487 488 407 445 121 464 483 0
494 -37 10 9 34 12 11 33 36 35 0 31 132 128 21 11 0
495 -38 10 9 34 12 11 33 36 35 0 10 132 128 42 32 0
496 -7 4 42 34 39 20 22 5 23 29 41 15 33 36 35 0 46 127 308 121 108 1 26 130 132 227 8 10 0
497 34 9 12 42 4 39 10 5 11 23 29 41 15 33 36 35 0 46 127 308 121 108 5 22 130 227 451 81 17 132 31 128 496 133 495 494 0
498 34 4 42 39 -10 5 23 29 41 15 33 36 35 0 42 132 133 6 74 5 127 46 108 484 308 121 423 71 0
499 -32 39 42 4 3 24 21 6 34 5 23 41 33 36 35 0 81 450 133 6 42 127 26 0
500 34 4 12 42 39 5 11 23 29 41 15 33 36 35 0 81 130 484 24 50 121 17 127 5 43 109 132 499 305 51 497 498 0
501 34 39 12 42 5 11 23 29 41 15 33 36 35 0 133 495 494 69 51 64 308 121 423 66 500 0
502 3 34 12 9 10 4 6 5 11 33 36 35 0 1 127 128 31 26 132 428 0
503 -7 26 30 24 27 21 20 23 29 0 79 130 131 9 8 0
504 3 10 12 9 27 21 4 34 5 11 23 29 33 36 35 0 79 130 131 19 339 109 17 451 108 132 31 128 503 502 0
505 -32 3 27 22 34 4 21 28 6 5 23 29 33 36 35 0 121 450 131 4 40 127 26 0
506 3 34 6 4 27 22 28 21 5 23 29 33 36 35 0 121 130 131 25 19 24 17 127 5 132 505 0
507 3 34 12 27 21 4 9 5 11 23 29 33 36 35 0 355 109 108 71 72 506 504 0
508 -31 28 22 27 26 21 20 23 29 0 121 130 131 19 17 0
509 34 5 12 42 11 23 29 41 15 33 36 35 0 121 130 131 9 62 67 339 8 66 60 451 128 31 64 53 132 508 507 48 501 0
510 -32 3 27 34 4 21 24 30 6 5 23 29 33 36 35 0 79 450 131 4 40 127 26 0
511 34 3 6 42 4 30 24 27 5 23 29 41 15 33 36 35 0 79 130 131 25 19 24 60 17 127 5 132 510 308 0
512 34 3 6 42 30 24 4 5 23 29 41 15 33 36 35 0 81 130 484 24 58 17 127 62 5 132 499 511 0
513 -3 29 30 42 41 15 33 35 0 308 48 46 0
514 34 5 42 11 23 29 41 15 33 36 35 0 355 62 60 113 114 66 67 423 69 512 513 106 509 0
515 -1 22 30 24 21 27 28 23 29 0 37 130 131 4 3 0
516 28 -19 30 12 9 27 10 11 29 0 30 131 128 16 8 0
517 28 27 30 24 21 3 4 10 22 9 5 11 23 29 33 36 35 0 131 179 37 29 106 38 130 516 127 515 260 0
518 27 3 30 42 5 11 23 29 41 15 33 36 35 0 131 179 25 82 22 113 26 53 127 251 68 108 73 517 60 80 308 514 0
519 40 3 24 42 6 21 22 4 39 5 23 41 0 6 127 133 39 24 130 275 0
520 -20 10 12 39 9 40 42 11 41 0 11 133 128 39 29 0
521 40 3 24 42 21 4 39 22 10 9 5 11 23 41 0 32 133 128 18 8 106 130 520 519 0
522 -2 10 12 42 9 40 39 11 41 0 11 133 128 27 22 0
523 -27 3 42 4 22 10 40 5 11 23 41 0 32 133 128 6 62 1 113 51 127 522 108 521 58 0
524 40 3 6 12 24 42 4 22 39 10 5 11 23 41 0 32 133 128 6 1 50 227 519 0
525 -7 3 6 22 24 21 4 5 23 0 24 127 130 8 1 0
526 3 5 42 11 23 29 41 15 33 36 35 0 3 127 130 29 121 80 60 22 68 109 128 525 114 73 53 524 84 518 523 514 0
527 5 11 42 23 29 41 15 33 36 35 0 32 133 128 18 84 48 8 114 73 43 130 520 121 80 45 513 526 514 0
528 -8 3 21 4 22 5 6 23 24 0 3 127 130 29 22 0
529 3 22 21 27 4 5 6 12 18 23 24 29 30 33 36 35 0 130 17 24 132 127 510 82 450 385 0
530 3 22 21 4 5 6 11 12 18 23 24 29 30 33 36 35 0 17 130 132 26 73 24 127 450 128 51 525 528 529 0
531 3 22 21 5 6 11 12 18 23 24 29 30 33 36 35 0 31 132 128 17 68 8 64 51 130 451 385 67 530 0
532 -21 3 5 6 11 12 18 24 29 30 33 36 35 0 502 82 67 72 50 385 58 0
533 3 5 6 11 12 18 23 24 29 30 33 36 35 0 51 502 385 80 71 66 79 531 532 0
534 35 33 15 18 36 0 31 132 128 17 82 503 91 116 72 43 130 339 125 123 46 45 451 96 97 79 385 111 533 86 527 99 493 0
535 35 34 3 5 21 23 22 4 6 24 33 31 36 0 26 127 132 450 0
537 -2 10 11 9 23 24 21 12 22 0 8 128 130 24 22 0
538 22 12 5 21 23 9 11 24 3 6 10 4 0 29 128 130 3 1 127 537 0
539 25 -1 21 29 23 27 22 24 30 33 36 35 0 131 37 82 130 450 3 0
540 -2 30 21 24 23 27 29 22 33 36 35 0 132 17 82 26 130 260 24 0
541 4 24 5 21 27 23 29 3 6 22 30 33 36 35 0 539 4 127 540 0
542 35 -1 42 39 41 23 22 24 33 21 36 0 133 39 84 6 130 450 3 0
543 -9 4 23 22 21 5 3 6 24 30 42 33 36 35 0 84 535 275 17 130 104 53 24 127 542 541 51 0
544 -19 23 3 9 21 5 39 12 42 6 24 22 4 33 36 35 0 95 128 275 84 22 73 8 535 127 17 3 0
545 4 23 3 21 9 39 5 12 42 24 6 22 33 36 35 0 538 95 73 542 450 127 24 130 544 0
546 30 23 3 21 5 12 42 24 6 4 22 33 36 35 0 130 24 17 127 535 450 73 538 93 543 541 62 545 0
548 -9 34 22 28 40 23 21 24 30 42 33 36 35 0 104 355 423 53 51 0
549 35 11 9 24 23 21 34 12 22 33 10 36 0 31 128 132 17 8 130 451 0
550 35 42 3 30 5 21 12 24 6 23 33 22 36 0 62 355 423 95 69 68 93 67 549 548 64 546 0
551 35 10 3 11 34 5 4 12 6 33 9 36 0 1 127 128 31 26 132 428 0
552 -2 28 27 34 29 30 33 36 35 0 19 131 132 26 25 0
553 35 29 3 34 5 28 30 6 4 33 27 36 0 40 131 132 5 4 127 552 0
554 -11 34 28 4 40 5 3 6 30 42 33 36 35 0 42 132 133 6 95 62 5 127 484 553 93 0
555 35 42 3 30 12 6 5 33 -22 36 0 42 132 133 6 104 81 53 5 80 127 484 66 553 51 79 551 554 71 0
556 25 26 27 9 39 29 34 5 3 15 33 36 35 0 551 67 95 72 107 112 131 308 118 120 534 0
557 15 34 3 23 5 33 36 35 0 74 128 423 104 120 555 60 117 93 50 112 1 31 556 4 40 58 132 5 227 550 107 118 534 0
558 4 34 3 11 9 27 5 29 6 12 30 33 36 35 0 72 551 553 0
559 15 34 3 27 5 33 36 35 0 31 128 132 19 9 92 112 53 64 131 67 100 118 339 558 107 308 120 102 557 534 0
560 4 12 3 9 39 11 5 41 6 34 42 33 36 35 0 42 132 133 6 74 5 127 484 551 0
561 -32 12 39 11 9 41 10 40 42 0 11 128 133 42 31 0
562 35 34 3 5 33 15 36 0 32 128 133 21 120 102 62 69 10 92 112 51 64 132 561 560 107 559 557 534 0
563 15 5 3 27 9 39 11 29 33 36 35 0 550 227 102 555 107 112 117 118 120 251 308 73 82 534 562 0
564 15 5 3 9 39 27 11 33 36 35 0 32 128 133 6 120 104 84 1 112 73 227 550 100 555 107 117 118 563 534 562 0
565 15 5 3 9 27 11 33 36 35 0 131 179 25 118 82 100 22 112 26 127 251 68 107 73 550 60 555 117 120 564 534 562 0
566 -2 10 9 12 11 39 41 40 42 0 11 128 133 27 22 0
567 15 5 3 9 11 33 36 35 0 32 128 133 6 120 102 62 84 1 112 73 127 566 68 107 550 58 555 117 118 565 534 562 0
568 -9 4 5 22 3 6 24 30 42 33 36 35 0 305 102 100 53 51 543 50 0
569 15 5 3 33 36 35 0 308 60 58 120 93 118 95 550 92 555 107 112 117 567 568 68 562 534 0
570 -7 22 39 21 41 23 24 42 40 0 39 130 133 11 8 0
571 10 23 21 39 9 11 41 12 24 42 22 33 36 35 0 18 130 133 32 84 29 128 570 549 0
572 35 11 9 21 39 41 23 12 42 24 33 10 36 0 32 128 133 21 81 10 132 561 80 571 0
573 15 41 9 39 23 11 29 33 36 35 0 423 73 71 120 74 117 572 58 112 308 118 534 0
574 -8 30 24 21 27 23 29 28 22 0 16 130 131 30 29 0
575 30 23 9 21 27 11 29 24 10 12 22 33 36 35 0 37 130 131 9 82 8 128 574 549 0
576 30 22 21 27 9 23 11 24 12 29 33 36 35 0 355 73 72 575 0
577 15 41 9 23 11 29 33 36 35 0 31 128 132 19 80 9 112 71 131 339 62 118 79 576 60 117 573 534 0
578 15 -5 33 36 35 0 305 53 577 120 88 118 90 51 85 87 534 0
579 30 22 11 9 23 21 42 27 12 39 24 33 36 35 0 423 74 73 104 572 576 0
580 30 42 9 11 21 23 27 12 39 24 33 36 35 0 31 128 132 19 80 9 71 131 339 79 104 572 579 0
581 -11 15 27 30 39 42 33 35 0 308 95 93 0
582 35 33 15 36 0 308 102 100 120 46 118 48 580 581 43 112 45 117 569 578 534 0
583 -42 30 29 23 11 33 36 35 0 79 576 385 120 55 116 123 111 54 49 582 0
584 22 24 5 29 6 30 23 33 36 35 0 355 68 67 54 55 541 44 582 0
585 30 24 29 23 11 33 36 35 0 553 79 66 44 55 90 80 106 584 580 49 54 57 583 582 320 0
586 34 12 5 29 6 30 11 33 36 35 0 31 128 132 19 9 49 64 131 339 55 67 558 44 582 0
587 30 23 29 11 33 36 35 0 179 131 26 113 49 22 25 55 82 127 251 44 90 68 108 73 586 585 320 583 57 582 0
588 22 6 5 24 12 34 23 11 33 36 35 0 130 17 24 54 535 127 64 44 450 549 49 582 0
589 34 6 5 24 12 23 11 33 36 35 0 551 71 66 44 49 588 582 0
590 30 24 12 23 11 33 36 35 0 538 80 73 88 54 49 44 111 68 589 580 55 57 587 582 0
591 34 6 5 42 12 41 11 33 36 35 0 32 128 133 21 57 69 10 49 64 132 561 560 44 582 0
592 30 12 23 11 33 36 35 0 32 128 133 6 104 57 123 84 1 49 73 127 566 44 88 68 108 591 590 587 582 0
593 22 34 5 6 24 41 42 23 33 36 35 0 130 24 17 54 127 535 69 44 542 423 57 582 0
594 34 6 5 24 41 42 23 33 36 35 0 42 132 133 6 57 81 5 127 484 44 66 593 582 0
595 30 23 11 33 36 35 0 24 127 130 275 54 113 80 542 44 88 68 106 84 104 57 116 594 592 587 582 0
596 34 23 11 33 36 35 0 423 74 71 125 121 57 90 572 54 49 114 589 109 595 582 0
597 35 11 33 36 23 0 90 545 572 73 54 49 57 114 125 121 68 44 109 80 596 595 582 0
598 36 34 42 11 33 4 35 0 42 132 133 6 102 57 74 5 127 484 44 87 109 551 49 114 597 582 320 100 55 0
599 -32 39 42 41 12 11 10 9 40 0 11 133 128 42 31 0
600 36 34 42 33 11 35 0 32 133 128 21 102 57 69 10 114 49 64 132 599 598 320 55 100 597 582 0
601 36 24 11 33 34 35 0 551 72 67 44 49 87 116 111 385 125 55 120 100 600 582 597 0
602 -7 39 42 6 41 4 3 40 5 0 27 133 127 11 1 0
603 39 40 42 41 27 5 11 10 3 9 29 33 4 0 6 133 127 32 22 109 128 602 114 320 0
604 36 24 33 11 35 0 385 125 120 55 82 100 111 116 603 68 73 84 87 102 44 49 57 601 582 597 0
605 35 11 33 36 0 280 123 121 100 102 113 55 57 49 604 597 582 0
606 36 40 42 34 33 4 35 0 42 132 133 6 95 57 5 127 484 44 85 109 605 582 320 93 55 0
607 36 4 42 33 34 35 0 130 24 17 54 92 121 81 127 535 542 44 85 109 57 95 606 582 605 320 93 55 0
608 36 34 33 42 35 0 423 69 66 92 121 57 95 607 605 320 93 55 582 0
609 36 35 33 42 0 24 130 127 275 54 92 121 80 542 44 85 68 109 84 95 57 608 320 55 93 582 605 0
610 35 36 33 0 130 24 17 54 92 123 79 127 535 450 44 85 67 111 82 385 125 55 120 93 116 609 605 582 0
611 39 -8 41 4 5 3 40 6 42 0 6 133 127 32 22 0
612 42 23 3 1 24 5 4 6 22 19 0 130 24 227 127 0
613 39 3 41 5 23 -10 4 40 35 42 33 0 97 129 308 54 119 2 70 36 124 58 130 39 275 122 71 133 6 612 110 610 0
614 39 40 41 21 23 22 3 5 4 6 24 42 0 133 39 6 130 612 275 0
615 39 -2 41 40 15 16 17 18 42 0 15 129 133 27 23 0
616 39 40 41 3 11 23 5 4 35 42 33 0 36 133 129 6 2 119 49 97 75 127 615 110 614 50 122 305 128 124 51 613 115 602 611 610 0
617 16 22 41 23 3 10 5 11 1 4 39 6 12 18 24 30 42 0 97 129 305 49 23 12 128 51 8 22 612 127 0
618 19 7 -15 22 10 23 11 12 24 0 29 128 130 54 49 0
619 39 19 23 9 22 11 10 16 7 41 13 12 18 24 30 42 0 280 58 97 130 129 29 28 618 128 0
620 39 4 41 3 23 11 5 35 42 33 0 129 33 97 119 618 2 78 130 305 50 81 122 3 619 124 51 1 74 115 617 110 616 610 0
621 39 3 41 17 15 11 40 4 9 5 6 12 18 42 0 36 133 129 6 2 70 127 615 128 611 602 0
622 39 4 41 3 11 5 35 42 33 0 28 128 129 2 119 96 55 78 1 115 51 74 127 134 110 621 320 100 124 620 610 0
623 39 15 41 17 21 23 40 4 3 5 6 18 24 42 0 36 133 129 6 2 75 127 615 614 0
624 42 23 3 15 17 22 24 5 18 16 6 4 1 0 129 12 23 612 127 0
625 35 41 3 4 5 39 42 33 0 33 129 130 3 92 58 122 81 2 119 91 55 78 624 110 623 320 93 124 622 610 0
626 -20 39 41 11 9 10 40 12 42 0 11 133 128 39 29 0
627 39 40 41 21 23 11 15 22 9 17 12 18 24 42 0 32 133 128 18 8 70 130 626 264 0
628 -20 10 15 9 11 17 16 12 18 0 7 129 128 33 29 0
629 39 21 41 17 23 15 22 9 11 12 18 24 42 0 28 128 129 12 78 8 74 130 628 627 0
630 -8 39 41 15 40 16 17 18 42 0 15 129 133 32 28 0
631 42 -3 30 12 18 24 41 39 33 0 36 133 129 11 81 7 97 44 75 128 630 93 43 71 629 45 100 320 46 0
632 39 40 41 11 10 9 -1 12 42 0 32 133 128 6 1 0
633 39 40 41 23 22 11 9 10 12 24 42 0 32 133 128 18 8 130 227 626 632 0
634 39 40 41 9 23 15 22 11 35 42 33 0 58 627 320 88 124 86 115 119 122 613 633 631 64 610 0
635 39 40 41 23 22 15 11 35 42 33 0 65 625 264 97 119 122 50 88 631 320 51 124 634 610 115 0
636 39 40 41 15 23 11 35 42 33 0 36 133 129 11 7 119 75 86 128 51 115 630 71 320 88 124 625 66 631 635 610 122 0
637 39 40 41 23 11 35 42 33 0 633 66 64 49 115 122 625 88 631 320 55 124 636 610 119 0
638 39 40 41 11 35 42 33 0 36 133 129 11 7 119 65 55 96 128 630 115 51 64 320 625 100 124 87 631 637 610 122 0
639 39 40 41 35 42 33 0 264 55 66 119 122 92 91 65 58 320 625 93 124 85 631 638 610 115 0
640 39 35 41 42 33 0 629 55 51 87 85 86 58 81 115 119 122 320 88 124 625 69 631 639 610 0
641 -1 18 15 9 11 17 16 12 10 0 28 128 129 2 1 0
642 10 28 9 15 17 29 16 4 5 11 6 12 18 30 0 9 131 128 34 46 28 129 175 127 641 134 0
643 -22 30 15 17 5 11 12 18 6 29 0 34 129 131 4 79 51 2 75 127 304 66 43 642 71 0
644 16 3 23 9 15 22 11 5 17 10 4 6 12 18 24 42 0 624 641 0
645 28 27 23 3 9 22 11 5 10 4 29 6 12 24 30 42 0 260 127 227 251 0
646 4 3 23 9 22 11 5 10 1 6 12 24 42 0 128 8 22 612 127 0
647 4 3 23 9 15 17 5 29 10 11 6 12 18 24 30 42 0 29 128 130 3 643 58 1 646 645 76 644 0
648 10 3 23 9 15 17 11 29 5 6 12 18 24 30 42 0 28 128 129 12 65 8 130 227 643 628 641 647 0
649 3 9 23 29 15 11 17 5 6 12 18 24 30 42 0 58 130 131 34 72 4 33 643 3 129 2 70 624 64 648 0
650 16 9 23 21 15 22 11 17 10 12 18 24 0 28 128 129 12 8 130 628 0
651 -7 21 23 27 22 28 29 24 30 0 37 130 131 9 8 0
652 10 21 23 27 9 15 22 11 17 29 12 18 24 30 0 16 131 130 30 76 29 128 651 650 0
653 9 15 23 29 11 17 5 6 12 18 24 30 42 0 12 129 130 37 643 45 34 70 131 261 46 72 652 649 0
654 -1 15 23 21 22 17 16 18 24 0 33 129 130 3 2 0
655 16 3 23 21 15 27 22 5 29 17 6 18 24 30 42 0 12 129 130 37 34 131 67 261 624 654 0
656 15 6 23 11 17 5 29 12 18 24 30 42 0 37 130 131 4 51 76 3 643 50 127 260 43 65 655 653 0
658 -15 -1 22 10 11 23 12 24 0 618 3 1 0
659 -15 10 22 5 11 23 29 6 12 24 30 42 0 131 30 16 55 67 128 618 651 49 54 646 658 44 0
660 -15 22 5 11 23 29 6 12 24 30 42 0 37 130 131 4 55 72 3 54 127 260 44 64 659 0
661 -41 6 12 18 24 30 42 0 9 131 128 25 104 55 79 22 95 49 71 127 251 90 44 66 660 656 102 99 0
662 -1 22 23 11 10 9 12 21 24 0 29 128 130 3 1 0
663 -4 22 11 23 10 9 12 15 18 21 24 27 30 0 16 131 130 30 67 97 29 128 651 650 65 0
664 10 22 23 11 3 6 9 12 15 18 21 24 27 30 42 0 652 88 86 646 663 662 0
665 -1 22 23 29 28 21 24 27 30 0 37 130 131 4 3 0
666 28 22 23 29 4 16 3 6 15 18 21 24 27 30 0 12 129 130 37 34 86 131 261 127 665 260 0
667 -10 22 23 3 6 15 18 21 24 27 30 42 0 624 654 97 70 88 64 666 72 0
668 22 3 23 6 9 12 15 18 21 24 27 30 42 0 127 665 260 85 65 76 93 655 91 664 667 0
669 -2 28 11 29 10 9 12 27 30 0 9 131 128 25 22 0
670 10 28 11 29 16 4 3 6 9 12 15 18 27 30 0 9 131 128 34 28 129 86 175 127 669 251 0
671 10 28 29 16 4 3 6 9 12 15 18 27 30 0 34 129 131 4 2 91 127 304 85 670 0
672 -22 3 6 9 12 15 18 27 30 0 127 134 641 88 66 97 71 93 75 671 79 0
673 -2 10 9 11 12 15 17 18 27 29 30 0 76 134 669 0
674 10 28 3 5 6 9 11 12 15 17 18 27 29 30 0 9 131 128 34 28 129 65 175 127 251 673 0
675 10 3 5 6 9 11 12 15 17 18 27 29 30 0 641 127 76 67 673 674 0
676 35 42 33 0 34 129 131 4 72 62 124 100 2 119 57 70 96 127 304 87 48 64 110 675 53 92 115 668 672 60 122 640 661 610 0
677 -14 28 30 12 27 9 10 11 29 0 9 128 131 34 28 0
678 28 30 27 12 -2 10 9 11 29 0 9 128 131 25 22 0
679 -25 10 24 12 21 9 22 11 23 0 29 128 130 16 9 0
680 30 18 15 27 21 3 9 28 12 10 5 11 17 23 29 0 8 128 130 37 75 108 30 131 679 127 678 251 65 129 677 175 0
681 -8 24 15 18 16 22 21 17 23 0 12 129 130 29 28 0
682 10 30 15 18 3 9 27 12 21 5 11 17 23 29 0 33 129 130 8 79 108 7 76 128 681 127 134 641 67 680 0
683 28 30 27 6 24 21 3 9 12 10 5 11 23 29 0 8 128 130 37 66 30 131 679 127 678 251 0
684 42 1 24 6 9 22 12 10 3 5 11 23 4 0 128 8 22 612 127 0
685 10 30 15 3 9 27 12 21 5 11 17 23 29 42 0 29 128 130 3 79 117 1 684 67 107 683 682 0
686 28 16 30 24 21 15 27 18 22 17 23 29 0 12 129 130 37 34 131 261 0
687 28 30 27 6 24 21 15 3 18 22 5 17 23 29 0 37 130 131 4 3 127 65 260 686 0
688 42 30 27 24 6 15 22 18 21 5 17 23 29 3 0 33 129 130 3 2 76 624 67 687 0
689 -12 30 27 21 3 15 5 17 23 29 42 0 34 129 131 4 79 2 112 75 127 304 106 66 688 113 0
690 28 16 30 15 24 22 21 3 27 4 5 17 23 29 0 37 130 131 4 3 127 107 260 686 0
691 42 30 27 33 0 34 129 131 4 72 103 2 117 57 70 98 127 304 89 48 108 64 690 60 71 101 685 689 53 94 320 105 676 0
692 42 1 24 18 15 6 3 22 39 5 17 23 41 4 0 275 78 612 624 0
693 42 24 21 12 18 15 22 39 9 11 17 23 41 16 0 33 129 130 8 7 128 74 681 264 0
694 42 -20 12 39 9 10 11 41 40 0 11 128 133 39 29 0
695 42 24 21 18 12 15 22 9 11 17 23 41 39 0 32 133 128 18 78 8 70 130 694 693 0
696 42 24 21 6 18 15 22 39 3 5 17 23 41 16 0 33 129 130 3 2 692 69 264 0
697 42 24 21 18 15 22 9 39 5 11 17 23 41 3 0 39 133 130 6 78 275 692 106 65 696 695 0
698 42 1 24 6 22 12 3 9 39 5 11 23 41 4 0 74 684 275 612 0
699 42 24 21 12 22 9 39 11 23 41 -4 0 32 133 128 18 69 8 64 130 694 0
700 42 24 21 15 22 9 39 5 11 17 23 41 3 0 74 128 133 39 6 29 112 1 130 3 698 699 107 697 0
701 42 18 39 12 15 9 -2 11 17 41 10 0 133 78 11 27 134 128 22 0
702 42 12 39 18 15 9 11 17 41 -2 0 15 129 133 74 27 70 23 701 0
703 42 -7 18 15 39 40 17 41 16 0 36 133 129 11 7 0
704 42 16 12 18 6 15 39 10 9 5 11 17 41 3 0 15 129 133 32 69 28 128 703 127 641 702 0
705 42 12 3 6 18 15 9 39 5 11 17 41 10 0 32 133 128 6 78 1 127 65 702 704 0
706 -24 5 9 15 39 3 11 17 41 42 0 36 133 129 6 74 2 117 70 127 64 108 702 705 113 0
707 42 -8 18 15 39 40 17 41 16 0 15 129 133 32 28 0
708 42 18 39 15 -2 40 17 41 16 0 15 129 133 27 23 0
709 10 18 15 9 39 16 40 3 4 5 11 17 41 42 0 36 133 129 6 2 127 708 106 128 707 703 0
710 42 12 9 39 -2 10 11 41 40 0 11 128 133 27 22 0
711 42 -27 11 17 23 41 5 0 32 133 128 6 62 81 1 71 112 51 127 710 46 66 107 709 55 75 700 706 58 0
712 42 40 15 9 39 11 12 17 18 23 24 41 16 0 36 133 129 6 2 227 264 71 128 707 703 0
713 42 16 15 9 5 6 11 12 17 18 23 24 41 39 0 45 705 695 81 74 712 0
714 42 16 15 5 6 11 12 17 18 23 24 41 39 0 36 133 129 6 81 2 127 708 43 66 696 50 713 0
715 10 16 9 3 15 21 5 6 11 12 17 18 23 24 0 33 129 130 8 66 7 128 681 127 641 134 0
716 42 16 5 6 11 12 17 18 23 24 41 15 0 33 129 130 3 60 71 2 624 48 64 715 53 714 0
717 42 5 15 39 6 11 12 17 18 23 24 41 9 0 45 705 695 75 70 716 0
718 42 5 9 6 11 12 17 18 23 24 41 15 0 29 128 130 3 60 75 1 70 684 48 65 717 716 0
719 42 6 15 11 12 17 18 23 24 41 5 0 39 133 130 6 53 78 275 50 75 692 65 43 718 716 0
720 42 22 -15 5 6 11 12 23 24 41 10 0 618 3 1 684 699 49 44 54 57 0
721 42 10 5 6 11 12 23 24 41 -15 0 32 133 128 6 57 81 1 49 127 710 44 66 720 0
722 42 33 0 39 133 130 6 105 57 74 275 101 121 54 71 698 89 109 44 64 114 49 94 721 719 98 118 691 711 676 0
723 -4 10 3 9 15 5 6 11 12 17 18 23 24 29 30 36 0 58 715 385 67 65 0
724 -1 10 9 15 22 6 11 12 17 18 23 24 29 30 36 0 58 130 385 29 3 76 128 641 1 0
725 2 10 3 9 15 5 6 11 12 17 18 23 24 29 30 36 0 127 723 724 643 0
726 2 10 9 15 5 6 11 12 17 18 23 24 29 30 36 0 33 129 130 8 45 643 7 76 128 681 385 46 725 0
727 2 5 9 15 6 11 12 17 18 23 24 29 30 36 0 33 129 130 3 58 643 2 70 127 46 64 385 72 726 0
728 -2 10 9 15 22 6 11 12 17 18 23 24 29 30 36 0 58 130 385 76 8 24 134 128 22 0
729 5 6 9 15 11 12 17 18 23 24 29 30 36 0 130 58 12 24 643 385 129 72 70 23 728 727 0
730 -2 16 15 21 22 17 18 23 24 0 12 129 130 24 23 0
731 5 6 15 11 12 17 18 23 24 29 30 36 0 33 129 130 3 50 643 2 76 127 730 43 67 385 51 729 0
732 19 4 -15 5 6 10 11 12 22 23 24 0 127 1 24 44 618 130 54 0
733 33 0 22 128 94 610 126 722 72 385 103 120 116 111 123 125 55 731 101 98 89 49 8 732 79 67 127 44 3 0
734 -3 0 47 733 0
735 -9 0 52 733 0
736 -15 0 56 733 0
737 -21 0 59 733 0
738 -27 0 61 733 0
739 -39 0 63 733 0
740 1 2 5 6 4 0 127 734 0
741 11 8 10 7 12 0 128 735 0
742 14 13 18 17 16 0 129 736 0
743 20 19 23 24 22 0 130 737 0
744 26 25 29 30 28 0 131 738 0
745 38 37 41 40 42 0 133 739 0
746 -2 11 10 12 18 16 17 0 134 736 735 0
760 -19 41 42 5 6 40 4 0 275 739 734 0
761 12 42 30 29 41 0 280 738 739 735 0
762 -2 28 18 17 29 30 16 0 304 738 736 0
763 29 41 30 42 0 327 739 738 0
764 28 12 30 24 18 6 36 29 0 385 738 0
768 11 -1 10 12 18 16 17 0 641 736 735 0
774 -8 16 23 17 24 18 22 0 681 736 737 0
775 11 10 29 12 18 5 23 30 17 0 682 736 734 735 738 737 0
776 11 23 24 29 12 30 10 6 5 28 0 683 738 737 734 735 0
777 1 11 6 42 5 10 12 22 23 24 4 0 684 735 734 0
778 11 10 29 12 5 23 30 17 42 0 685 736 734 735 738 737 0
779 28 23 30 24 18 17 22 16 29 0 686 737 736 738 0
782 5 17 -12 23 29 30 42 0 689 738 737 734 736 0
783 28 22 23 24 17 30 29 4 16 5 0 690 736 737 734 738 0
784 1 41 42 5 6 23 17 22 24 18 4 0 692 736 734 739 0
787 11 22 12 24 18 23 17 41 42 0 695 737 736 735 739 0
788 22 41 42 6 23 17 16 24 18 5 0 696 737 736 739 734 0
789 11 41 17 18 23 22 24 42 5 0 697 737 736 735 739 734 0
790 1 11 23 5 41 12 22 42 24 6 4 0 698 734 735 739 0
791 11 -4 12 24 23 41 42 22 0 699 737 735 739 0
794 -2 11 12 41 42 17 18 0 702 739 736 735 0
797 11 17 42 41 12 6 5 18 10 0 705 734 736 735 739 0
798 11 41 17 -24 5 42 0 706 735 736 739 734 0
800 -2 17 42 41 18 40 16 0 708 739 736 0
802 -2 11 40 12 41 42 10 0 710 735 739 0
803 11 40 12 24 23 18 17 41 42 16 0 712 736 735 739 0
806 11 16 5 10 12 23 6 18 17 24 0 715 735 734 736 737 0
818 -2 22 24 17 18 23 16 0 730 736 737 0
820 -20 11 5 10 6 4 12 0 1 740 741 29 24 0
821 11 22 23 6 5 18 17 24 10 12 0 22 740 741 8 3 65 743 820 806 0
822 11 22 23 6 18 17 24 10 12 0 33 742 743 8 7 76 741 774 764 125 88 126 787 90 821 0
823 -1 22 23 24 17 18 16 0 33 742 743 3 2 0
824 11 22 24 6 23 17 18 12 0 125 779 787 90 88 70 72 740 823 64 818 822 0
825 11 17 18 6 23 24 12 0 764 126 125 79 88 803 90 81 75 806 71 824 0
826 11 22 24 23 17 18 12 0 783 72 64 109 104 70 90 775 787 111 825 0
827 11 17 18 23 24 12 0 775 104 90 109 71 803 81 111 75 826 825 0
828 11 22 6 23 24 5 42 41 10 12 0 743 3 820 777 791 0
829 11 22 6 23 5 29 41 24 10 12 0 22 740 741 8 3 67 743 820 776 125 828 0
830 -6 29 41 12 0 761 111 109 0
831 11 40 23 41 5 6 42 4 24 22 12 0 39 743 745 6 760 790 0
832 11 22 24 23 18 12 0 764 126 125 830 72 97 831 64 74 86 99 829 827 0
833 11 23 18 24 12 0 32 745 741 6 99 81 125 1 71 740 802 86 830 66 776 79 97 832 827 0
834 11 22 5 23 24 10 12 0 778 104 99 118 120 828 107 833 0
835 11 22 5 23 24 12 0 783 104 99 118 64 72 70 831 74 120 107 834 833 0
836 -5 12 42 30 0 761 90 88 0
837 11 23 24 12 0 32 745 741 6 104 81 120 1 71 740 802 836 107 66 776 118 79 835 833 0
838 11 29 42 5 17 41 12 0 36 742 745 6 74 2 118 70 740 794 830 64 797 763 0
839 11 12 24 0 740 746 768 87 830 67 72 120 76 96 764 126 125 100 838 102 837 0
840 11 -24 5 41 0 97 798 763 123 121 0
841 11 12 0 34 742 744 4 104 121 72 2 117 99 70 740 762 836 108 64 775 102 840 839 123 0
842 22 4 18 42 24 5 6 17 23 41 0 39 743 745 6 78 3 784 788 0
843 4 5 18 24 42 6 17 23 41 0 36 742 745 6 81 2 75 740 800 842 0
844 5 17 24 6 42 23 29 41 0 788 66 65 118 843 763 0
845 24 12 0 740 823 818 85 830 67 79 92 91 120 76 764 125 126 93 844 95 841 0
846 12 0 761 95 841 93 121 845 123 0
847 -6 0 106 846 0
848 -18 0 112 846 0
849 -24 0 113 846 0
850 -30 0 114 846 0
852 -42 0 116 846 0
868 29 41 0 763 850 852 0
875 29 5 23 17 0 782 846 850 852 0
879 22 41 5 17 23 11 0 789 848 849 852 0
888 4 41 5 23 17 0 843 848 849 852 847 0
890 41 5 0 66 888 879 97 100 93 868 0
891 5 0 875 99 890 102 104 0
895 -29 0 88 891 0
897 -41 0 90 891 0
898 0 868 897 895 0
