1 -2 -3 -1 0 0
2 2 3 -1 0 0
3 2 -3 1 0 0
4 -2 3 1 0 0
5 -5 -6 -4 0 0
6 5 6 -4 0 0
7 -6 5 4 0 0
8 -5 6 4 0 0
9 -8 -9 -7 0 0
10 8 9 -7 0 0
11 8 -9 7 0 0
12 9 -8 7 0 0
13 -11 -12 -10 0 0
14 12 11 -10 0 0
15 10 11 -12 0 0
16 12 -11 10 0 0
17 -14 -15 -13 0 0
18 14 15 -13 0 0
19 14 -15 13 0 0
20 -14 15 13 0 0
21 -17 -18 -16 0 0
22 17 18 -16 0 0
23 17 -18 16 0 0
24 -17 18 16 0 0
25 -19 -20 -21 0 0
26 -19 20 21 0 0
27 19 20 -21 0 0
28 19 -20 21 0 0
29 -22 -23 -24 0 0
30 -22 23 24 0 0
31 22 23 -24 0 0
32 22 -23 24 0 0
33 -26 -27 -25 0 0
34 26 27 -25 0 0
35 26 -27 25 0 0
36 -26 27 25 0 0
37 -28 -29 -30 0 0
38 -28 29 30 0 0
39 28 29 -30 0 0
40 28 -29 30 0 0
41 -32 -33 -31 0 0
42 32 33 -31 0 0
43 32 -33 31 0 0
44 -32 33 31 0 0
45 -34 -35 -36 0 0
46 -34 35 36 0 0
47 34 35 -36 0 0
48 34 -35 36 0 0
49 -38 -39 -37 0 0
50 38 39 -37 0 0
51 38 -39 37 0 0
52 -38 39 37 0 0
53 -40 -37 -16 0 0
54 37 40 -16 0 0
55 16 -40 37 0 0
56 16 40 -37 0 0
57 -15 -41 -42 0 0
58 -15 41 42 0 0
59 15 41 -42 0 0
60 15 -41 42 0 0
61 -14 -41 -43 0 0
62 -14 41 43 0 0
63 14 41 -43 0 0
64 14 -41 43 0 0
65 -18 -44 -10 0 0
66 18 44 -10 0 0
67 18 -44 10 0 0
68 -18 44 10 0 0
69 -17 -44 -13 0 0
70 17 44 -13 0 0
71 17 -44 13 0 0
72 -17 44 13 0 0
73 -6 -45 -46 0 0
74 -6 45 46 0 0
75 6 45 -46 0 0
76 6 -45 46 0 0
77 -5 -45 -22 0 0
78 -5 45 22 0 0
79 5 -45 22 0 0
80 5 45 -22 0 0
81 -21 -47 -48 0 0
82 -21 47 48 0 0
83 21 47 -48 0 0
84 21 -47 48 0 0
85 -46 -20 -47 0 0
86 46 -20 47 0 0
87 46 20 -47 0 0
88 -46 20 47 0 0
89 -24 -49 -1 0 0
90 24 49 -1 0 0
91 24 -49 1 0 0
92 -24 49 1 0 0
93 -19 -23 -49 0 0
94 -19 23 49 0 0
95 19 23 -49 0 0
96 19 -23 49 0 0
97 -9 -50 -51 0 0
98 -9 50 51 0 0
99 9 50 -51 0 0
100 9 -50 51 0 0
101 -8 -28 -50 0 0
102 -8 28 50 0 0
103 8 28 -50 0 0
104 8 -28 50 0 0
105 -27 -52 -42 0 0
106 -27 52 42 0 0
107 27 -52 42 0 0
108 27 52 -42 0 0
109 26 52 51 0 0
110 -26 52 -51 0 0
111 -26 -52 51 0 0
112 26 -52 -51 0 0
113 30 53 4 0 0
114 -30 53 -4 0 0
115 30 -53 -4 0 0
116 -53 -30 4 0 0
117 25 29 53 0 0
118 -25 -29 53 0 0
119 -25 29 -53 0 0
120 25 -29 -53 0 0
121 12 54 55 0 0
122 55 -54 -12 0 0
123 54 -55 -12 0 0
124 12 -54 -55 0 0
125 34 54 11 0 0
126 -34 54 -11 0 0
127 34 -11 -54 0 0
128 -34 -54 11 0 0
129 33 56 48 0 0
130 -33 56 -48 0 0
131 -33 -56 48 0 0
132 33 -56 -48 0 0
133 32 56 55 0 0
134 -32 56 -55 0 0
135 -32 -56 55 0 0
136 32 -56 -55 0 0
137 36 7 57 0 0
138 -7 -36 57 0 0
139 -7 36 -57 0 0
140 7 -36 -57 0 0
141 31 35 57 0 0
142 -35 -31 57 0 0
143 35 -31 -57 0 0
144 -35 31 -57 0 0
145 58 3 59 0 0
146 -58 -3 59 0 0
147 58 -3 -59 0 0
148 -58 3 -59 0 0
149 2 58 40 0 0
150 -2 58 -40 0 0
151 -2 -58 40 0 0
152 2 -58 -40 0 0
153 39 60 43 0 0
154 -39 60 -43 0 0
155 -39 -60 43 0 0
156 39 -60 -43 0 0
157 38 60 59 0 0
158 -38 60 -59 0 0
159 -38 -60 59 0 0
160 38 -60 -59 0 0
169 41 -43 42 13 0 20 63 58 0
170 -43 13 42 0 19 60 61 169 0
175 41 -42 -13 -43 0 17 63 59 0
179 14 43 -13 42 0 58 18 64 0
181 -13 -43 -42 0 18 57 61 175 0
188 14 43 13 -42 0 59 19 64 0
196 -13 43 42 0 60 17 62 179 0
220 13 43 -42 0 57 20 62 188 0
261 39 -59 43 37 0 160 52 153 0
262 -59 37 43 0 158 51 155 261 0
263 52 51 -25 -42 0 33 108 109 0
264 -25 51 -42 0 34 105 111 263 0
265 53 40 54 12 57 50 9 3 49 35 37 44 45 6 23 17 29 0 104 39 12 113 138 6 46 78 125 30 16 92 66 2 23 151 54 145 262 170 70 264 99 117 0
267 55 56 -31 48 0 41 133 129 0
269 -48 20 19 46 0 83 87 27 0
270 19 46 -48 0 81 28 86 269 0
271 50 40 57 58 53 3 54 12 49 35 37 44 45 6 23 17 29 0 102 38 11 114 138 99 8 46 80 125 31 16 90 66 4 23 149 54 264 170 70 262 145 117 0
272 53 50 54 12 57 58 3 49 35 37 44 45 6 23 17 29 0 104 39 9 113 137 99 6 47 78 126 30 14 92 68 2 22 150 55 271 264 170 70 262 145 117 0
273 54 8 57 58 53 3 12 49 35 37 44 45 6 23 17 29 0 149 4 55 90 22 31 68 80 14 8 126 114 47 38 137 103 10 272 97 264 170 70 262 145 117 0
274 17 6 49 53 57 54 12 35 37 44 58 3 23 45 29 0 150 2 54 92 23 30 66 78 16 6 125 113 46 39 138 101 12 273 272 97 264 117 170 70 262 145 0
275 54 40 57 9 50 58 3 12 49 35 37 44 45 6 23 17 29 0 104 39 12 115 138 8 274 46 80 125 31 16 90 66 4 23 149 54 0
276 54 3 57 9 50 58 12 49 35 37 44 45 6 23 17 29 0 102 38 10 116 137 6 274 47 78 126 30 14 92 68 2 22 150 55 275 0
277 27 -42 -51 25 0 112 36 108 0
278 25 -51 -42 0 110 35 105 277 0
279 44 3 54 12 57 17 49 35 37 23 45 6 58 50 29 0 98 276 278 170 70 262 145 119 274 0
280 54 40 57 58 3 12 49 35 37 44 45 6 23 17 29 0 101 39 11 279 115 138 100 8 274 46 80 125 31 16 90 66 4 23 149 54 278 170 70 262 145 119 0
281 17 44 49 54 57 12 35 37 23 58 45 6 3 29 0 103 38 9 279 116 137 100 6 274 47 78 126 30 14 92 68 2 22 150 55 280 278 119 170 262 70 145 0
282 54 40 57 9 50 58 53 12 49 35 37 44 45 6 23 17 29 0 104 39 12 113 138 6 46 78 125 30 16 92 66 1 23 149 281 54 0
283 54 53 57 9 50 58 12 49 35 37 44 45 6 23 17 29 0 102 38 10 114 137 8 47 80 126 31 14 90 68 3 22 150 281 55 282 0
284 52 51 42 25 0 36 106 109 0
285 25 51 42 0 35 107 111 284 0
286 39 -43 59 37 0 157 156 52 0
287 59 37 -43 0 159 51 154 286 0
288 44 58 12 57 17 54 49 35 37 23 45 6 50 9 29 0 119 285 283 99 220 70 287 147 281 0
289 27 -25 -51 42 0 110 107 34 0
290 -51 -25 42 0 112 106 33 289 0
291 54 8 57 50 58 12 49 35 37 44 45 6 23 17 29 0 150 54 3 23 90 281 66 31 16 80 125 8 46 115 138 39 117 11 104 288 290 220 70 287 147 98 0
292 17 58 54 12 57 49 50 37 35 23 44 6 45 29 0 149 55 1 22 92 281 68 30 14 78 126 6 47 116 137 38 117 9 102 291 288 290 98 220 70 287 147 0
293 54 40 57 9 58 12 49 35 37 44 45 6 23 17 29 0 103 38 12 292 116 138 6 117 46 78 125 30 16 92 66 1 23 149 281 54 290 220 70 287 147 100 0
294 44 9 12 57 54 49 35 37 23 45 6 17 58 29 0 101 39 10 292 115 137 8 117 47 80 126 31 14 90 68 3 22 150 281 55 293 290 100 220 70 287 147 0
295 54 8 57 58 12 49 35 37 44 45 6 23 17 29 0 150 3 54 90 281 23 31 66 80 16 8 125 114 46 38 119 138 103 11 292 294 285 220 70 287 147 97 0
296 17 44 49 54 57 12 37 35 6 45 23 58 29 0 149 1 55 92 281 22 30 68 78 14 6 126 113 47 39 119 137 101 9 295 292 294 285 97 220 287 70 147 0
297 53 9 12 57 50 54 49 35 37 44 45 6 23 17 29 0 102 38 10 114 137 8 47 80 126 31 14 90 68 4 22 152 146 55 265 296 262 170 264 70 117 99 0
298 54 8 57 9 50 12 49 35 37 44 45 6 23 17 29 0 151 3 55 296 90 148 22 31 68 80 14 8 126 115 47 39 297 137 104 10 287 220 70 285 99 119 0
299 17 44 12 57 54 49 50 37 35 23 9 45 6 29 0 152 1 54 296 92 148 23 30 66 78 16 6 125 116 46 38 297 138 102 12 298 287 220 285 70 119 99 0
300 54 40 57 9 53 12 49 35 37 44 45 6 23 17 29 0 103 38 12 299 114 138 8 46 80 125 31 16 90 66 3 23 151 148 54 296 287 220 70 290 100 117 0
301 53 9 12 57 54 49 35 37 44 45 6 23 17 29 0 101 39 10 299 113 137 6 47 78 126 30 14 92 68 1 22 152 148 55 300 296 287 220 290 70 117 100 0
302 54 8 57 9 12 49 35 37 44 45 6 23 17 29 0 151 2 55 296 92 146 22 30 68 78 14 6 126 116 47 38 301 137 103 10 299 262 170 70 278 100 119 0
303 17 44 49 54 57 12 37 35 9 23 6 45 29 0 152 4 54 296 90 146 23 31 66 80 16 8 125 115 46 39 301 138 101 12 302 299 262 170 278 70 119 100 0
304 54 16 57 50 53 12 49 35 37 44 45 6 23 17 29 0 38 114 102 8 11 80 138 303 31 46 90 125 3 16 151 148 66 55 296 23 287 220 70 290 98 117 0
305 53 50 54 12 57 49 35 37 44 45 6 23 17 29 0 39 113 104 6 9 78 137 303 30 47 92 126 1 14 152 148 68 54 296 22 304 287 220 290 70 117 98 0
306 54 8 57 50 12 49 35 37 44 45 6 23 17 29 0 152 4 54 296 90 146 23 31 66 80 16 8 125 115 46 39 305 138 104 11 303 262 170 70 278 98 119 0
307 17 6 54 12 57 49 37 50 35 23 44 45 29 0 151 2 55 296 92 146 22 30 68 78 14 6 126 116 47 38 305 137 102 9 306 303 262 170 278 70 119 98 0
308 54 7 57 53 12 49 35 37 44 45 6 23 17 29 0 2 151 92 146 55 296 30 22 78 68 6 14 113 126 39 47 101 137 11 307 303 262 170 70 264 97 117 0
309 53 35 54 12 57 49 37 44 45 6 23 17 29 0 4 90 152 146 31 54 296 80 23 8 66 114 16 38 125 103 46 9 307 138 308 303 262 170 264 70 117 97 0
310 54 2 57 12 49 35 37 44 45 6 23 17 29 0 11 138 101 303 46 39 307 125 115 16 8 309 66 80 23 31 54 90 152 3 296 148 287 220 70 285 97 119 0
311 54 12 57 49 35 37 44 45 6 23 17 29 0 9 103 137 303 38 307 47 116 126 6 309 14 78 68 30 22 92 55 1 151 310 148 296 287 220 285 70 119 97 0
312 32 31 -55 48 0 129 136 43 0
313 17 44 12 54 37 6 35 23 49 45 29 0 131 134 44 270 312 121 143 311 75 94 0
314 55 -31 48 0 42 135 131 267 0
315 12 2 50 9 58 53 49 35 37 44 45 6 23 17 29 0 10 140 102 46 141 38 127 114 14 313 8 68 80 22 31 55 90 149 3 145 314 270 75 94 124 262 170 70 264 99 117 0
316 53 50 12 9 58 49 35 37 44 45 6 23 17 29 0 12 104 139 39 47 141 113 128 6 16 313 78 66 30 23 92 54 1 150 315 145 262 170 264 70 117 99 314 270 75 94 124 0
317 12 8 50 9 58 49 35 37 44 45 6 23 17 29 0 149 4 55 90 147 22 31 68 80 14 8 127 115 46 313 39 316 140 104 10 141 287 220 70 285 99 119 314 270 75 94 124 0
318 17 44 12 35 49 50 37 23 9 6 45 58 29 0 150 2 54 92 147 23 30 66 78 16 6 128 116 47 313 38 316 139 102 12 141 317 287 220 285 70 119 99 314 270 75 94 124 0
319 12 7 9 58 53 49 35 37 44 45 6 23 17 29 0 4 90 149 147 31 55 80 22 8 68 114 14 38 127 103 46 313 12 318 140 141 287 220 70 290 100 117 314 270 75 94 124 0
320 53 9 12 58 49 35 37 44 45 6 23 17 29 0 2 92 150 147 30 54 78 23 6 66 113 16 39 128 101 47 313 10 318 139 319 141 287 220 290 70 117 100 314 270 75 94 124 0
321 12 2 9 58 49 35 37 44 45 6 23 17 29 0 10 140 101 46 141 39 318 127 115 14 313 8 320 68 80 22 31 55 90 149 3 145 314 270 75 94 124 262 170 70 278 100 119 0
322 17 44 35 12 6 37 9 23 58 45 49 29 0 12 103 139 38 318 47 141 116 128 6 320 16 313 78 66 30 23 92 54 1 150 321 145 262 170 278 70 119 100 314 270 75 94 124 0
323 12 40 50 58 53 49 35 37 44 45 6 23 17 29 0 102 38 11 114 139 322 8 47 141 80 128 31 16 313 90 66 4 23 149 147 54 314 270 75 94 124 287 220 70 290 98 117 0
324 53 50 12 58 49 35 37 44 45 6 23 17 29 0 104 39 9 113 140 322 6 46 141 78 127 30 14 313 92 68 2 22 150 147 55 323 287 220 290 70 117 98 314 270 75 94 124 0
325 12 28 50 58 49 35 37 44 45 6 23 17 29 0 54 23 150 66 3 16 90 145 128 31 47 313 80 139 8 11 141 115 102 322 39 324 262 170 70 278 98 119 314 270 75 94 124 0
326 17 6 12 49 50 37 35 23 44 45 58 29 0 55 22 149 68 1 14 92 145 127 30 46 313 78 140 6 9 141 116 104 322 38 324 325 262 170 278 70 119 98 314 270 75 94 124 0
327 12 4 58 53 49 35 37 44 45 6 23 17 29 0 66 16 23 128 54 47 313 150 139 3 11 141 90 145 101 322 31 39 326 80 113 8 314 270 75 94 124 262 170 70 264 97 117 0
328 53 58 12 49 35 37 44 45 6 23 17 29 0 68 14 22 127 55 46 313 149 140 1 9 141 92 145 103 322 30 38 326 78 114 6 327 262 170 264 70 117 97 314 270 75 94 124 0
329 12 28 58 49 35 37 44 45 6 23 17 29 0 55 22 149 68 4 14 90 147 127 31 46 313 80 140 8 9 141 115 103 322 39 328 326 287 220 70 285 97 119 314 270 75 94 124 0
330 17 44 35 12 37 6 49 45 23 58 29 0 54 23 150 66 2 16 92 147 128 30 47 313 78 139 6 11 141 116 101 322 38 328 329 326 287 220 285 70 119 97 314 270 75 94 124 0
331 12 24 9 50 53 49 35 37 44 45 6 23 17 29 0 47 128 139 16 313 12 141 66 104 23 39 54 113 152 6 4 330 78 90 146 30 314 270 75 94 124 262 170 70 264 99 117 0
332 53 9 12 50 49 35 37 44 45 6 23 17 29 0 46 127 140 14 313 10 141 68 102 22 38 55 114 151 8 2 330 80 92 146 31 331 262 170 264 70 117 99 314 270 75 94 124 0
333 12 34 9 50 49 35 37 44 45 6 23 17 29 0 31 90 80 3 8 151 148 115 55 330 39 332 22 104 68 12 14 139 127 47 141 313 287 220 70 285 99 119 314 270 75 94 124 0
334 6 17 49 12 9 37 35 50 23 45 44 29 0 30 92 78 1 6 152 148 116 54 330 38 332 23 102 66 10 16 140 128 46 141 333 313 287 220 285 70 119 99 314 270 75 94 124 0
335 12 16 50 53 49 35 37 44 45 6 23 17 29 0 38 114 102 8 11 80 139 334 31 47 141 90 128 3 16 313 151 148 66 55 330 23 314 270 75 94 124 287 220 70 290 98 117 0
336 53 50 12 49 35 37 44 45 6 23 17 29 0 39 113 104 6 9 78 140 334 30 46 141 92 127 1 14 313 152 148 68 54 330 22 335 287 220 290 70 117 98 314 270 75 94 124 0
337 12 30 50 49 35 37 44 45 6 23 17 29 0 23 54 66 152 16 4 330 128 90 146 47 313 31 139 80 11 141 8 102 334 115 38 336 262 170 70 278 98 119 314 270 75 94 124 0
338 17 44 35 12 37 6 45 23 49 50 29 0 22 55 68 151 14 2 330 127 92 146 46 313 30 140 78 9 141 6 104 334 116 39 337 336 262 170 278 70 119 98 314 270 75 94 124 0
339 12 36 9 53 49 35 37 44 45 6 23 17 29 0 90 31 3 80 151 148 8 55 330 114 22 38 68 103 14 12 338 127 139 46 313 141 287 220 70 290 100 117 314 270 75 94 124 0
340 53 45 12 49 35 37 44 9 6 23 17 29 0 92 30 1 78 152 148 6 54 330 113 23 39 66 101 16 10 338 128 140 47 313 339 141 287 220 290 70 117 100 314 270 75 94 124 0
341 12 24 9 49 35 37 44 45 6 23 17 29 0 47 128 139 16 313 12 141 66 103 23 38 338 54 116 152 6 340 4 330 78 90 146 30 314 270 75 94 124 262 170 70 278 100 119 0
342 6 23 49 12 37 35 9 44 17 45 29 0 46 127 140 14 313 10 141 68 101 22 39 338 55 115 151 8 340 2 330 80 92 146 31 341 262 170 278 70 119 100 314 270 75 94 124 0
343 12 30 53 49 35 37 44 45 6 23 17 29 0 22 55 68 151 14 2 330 127 92 146 46 313 30 140 78 9 141 6 103 342 113 38 338 262 170 70 264 97 117 314 270 75 94 124 0
344 53 45 12 49 37 44 35 6 23 17 29 0 23 54 66 152 16 4 330 128 90 146 47 313 31 139 80 11 141 8 101 342 114 39 338 343 262 170 264 70 117 97 314 270 75 94 124 0
345 12 16 49 35 37 44 45 6 23 17 29 0 39 115 101 8 344 11 338 80 139 342 31 47 141 90 128 3 16 313 151 148 66 55 330 23 314 270 75 94 124 287 220 70 285 97 119 0
346 17 44 35 37 12 6 23 49 45 29 0 38 116 103 6 344 9 338 78 140 342 30 46 141 92 127 1 14 313 152 148 68 54 330 22 345 287 220 285 70 119 97 314 124 270 75 94 0
347 50 24 58 53 9 57 49 35 37 44 45 6 23 17 29 0 46 127 138 15 123 12 66 346 104 23 39 54 113 150 6 3 78 90 145 30 314 270 75 94 141 262 170 70 264 99 117 0
348 53 45 57 58 9 49 35 37 44 50 6 23 17 29 0 47 128 137 13 123 10 68 346 102 22 38 55 114 149 8 1 80 92 145 31 347 262 170 264 70 117 99 314 270 75 94 141 0
349 50 34 58 9 57 49 35 37 44 45 6 23 17 29 0 30 92 78 2 6 150 147 116 54 38 348 23 102 66 10 15 137 127 346 47 123 287 220 70 285 99 119 314 270 75 94 141 0
350 6 17 49 35 57 9 37 50 23 44 45 58 29 0 31 90 80 4 8 149 147 115 55 39 348 22 104 68 12 13 138 128 346 46 349 123 287 220 285 70 119 99 314 270 75 94 141 0
351 50 16 53 9 57 49 35 37 44 45 6 23 17 29 0 39 113 104 6 12 78 138 30 46 92 127 2 15 123 151 146 66 346 55 350 23 314 270 75 94 141 262 170 70 264 99 117 0
352 53 45 57 9 49 35 37 44 50 6 23 17 29 0 38 114 102 8 10 80 137 31 47 90 128 4 13 123 152 146 68 346 54 350 22 351 262 170 264 70 117 99 314 270 75 94 141 0
353 50 30 9 57 49 35 37 44 45 6 23 17 29 0 22 55 68 151 13 3 350 128 346 90 148 47 123 31 137 80 10 8 102 115 38 352 287 220 70 285 99 119 314 270 75 94 141 0
354 17 44 35 57 37 45 9 50 23 49 6 29 0 23 54 66 152 15 1 350 127 346 92 148 46 123 30 138 78 12 6 104 116 39 353 352 287 220 285 70 119 99 314 270 75 94 141 0
355 53 22 57 58 9 49 35 37 44 45 6 23 17 29 0 128 47 13 123 137 68 346 10 22 101 55 39 354 149 113 4 6 90 147 78 31 314 270 75 94 141 287 220 70 290 100 117 0
356 53 45 57 9 49 35 37 44 58 6 23 17 29 0 127 46 15 123 138 66 346 12 23 103 54 38 354 150 114 2 8 92 147 80 30 355 287 220 290 70 117 100 314 270 75 94 141 0
357 44 34 57 17 49 35 37 23 45 6 58 9 29 0 31 90 80 3 8 150 145 115 54 39 356 23 101 66 10 354 15 137 127 346 47 123 262 170 70 278 100 119 314 270 75 94 141 0
358 6 44 49 35 23 37 57 9 17 45 58 29 0 30 92 78 1 6 149 145 116 55 38 356 22 103 68 12 354 13 138 128 346 46 357 123 262 170 278 70 119 100 314 270 75 94 141 0
359 53 11 57 9 49 35 37 44 45 6 23 17 29 0 78 30 6 92 113 1 39 152 148 101 54 358 10 354 23 137 66 47 15 128 346 123 287 220 70 290 100 117 314 270 75 94 141 0
360 53 45 57 49 35 37 44 9 6 23 17 29 0 80 31 8 90 114 3 38 151 148 103 55 358 12 354 22 138 68 46 13 127 359 346 123 287 220 290 70 117 100 314 270 75 94 141 0
361 44 22 57 49 35 37 23 45 6 17 9 29 0 127 46 15 123 138 66 346 12 23 103 54 38 354 152 116 4 358 6 360 90 146 78 31 314 270 75 94 141 262 170 70 278 100 119 0
362 17 44 35 6 37 23 57 9 49 45 29 0 128 47 13 123 137 68 346 10 22 101 55 39 354 151 115 2 358 8 360 92 146 80 30 361 262 170 278 70 119 100 314 270 75 94 141 0
363 53 16 57 58 50 49 35 37 44 45 6 23 17 29 0 38 114 102 8 11 80 138 362 31 46 90 127 4 15 123 149 147 66 346 55 23 314 270 75 94 141 287 220 70 290 98 117 0
364 53 45 57 58 49 35 37 44 50 6 23 17 29 0 39 113 104 6 9 78 137 362 30 47 92 128 2 13 123 150 147 68 346 54 22 363 287 220 290 70 117 98 314 270 75 94 141 0
365 44 30 57 17 49 35 37 23 45 6 58 50 29 0 23 54 66 150 15 3 127 346 90 145 46 123 31 138 80 11 8 102 362 115 38 364 262 170 70 278 98 119 314 270 75 94 141 0
366 6 17 49 57 50 37 35 23 44 45 58 29 0 22 55 68 149 13 1 128 346 92 145 47 123 30 137 78 9 6 104 362 116 39 365 364 262 170 278 70 119 98 314 270 75 94 141 0
367 53 36 57 58 49 35 37 44 45 6 23 17 29 0 90 31 3 80 150 145 8 54 114 23 38 66 103 15 9 366 127 346 137 362 46 123 262 170 70 264 97 117 314 270 75 94 141 0
368 53 45 57 49 35 37 44 58 6 23 17 29 0 92 30 1 78 149 145 6 55 113 22 39 68 101 13 11 366 128 346 138 362 47 123 367 262 170 264 70 117 97 314 270 75 94 141 0
369 44 24 57 49 35 37 23 45 6 17 58 29 0 47 128 137 13 123 9 68 346 103 362 22 38 366 55 116 149 6 368 4 78 90 147 30 314 270 75 94 141 287 220 70 285 97 119 0
370 17 44 35 57 37 6 49 45 23 58 29 0 46 127 138 15 123 11 66 346 101 362 23 39 366 54 115 150 8 368 2 80 92 147 31 369 287 220 285 70 119 97 314 270 75 94 141 0
371 53 16 57 50 49 35 37 44 45 6 23 17 29 0 38 114 102 8 11 80 138 362 31 46 90 127 3 15 123 151 148 66 346 55 370 23 314 270 75 94 141 287 220 70 290 98 117 0
372 53 45 57 49 35 37 44 50 6 23 17 29 0 39 113 104 6 9 78 137 362 30 47 92 128 1 13 123 152 148 68 346 54 370 22 371 287 220 290 70 117 98 314 270 75 94 141 0
373 44 30 57 49 35 37 23 45 6 17 50 29 0 23 54 66 152 15 4 370 127 346 90 146 46 123 31 138 80 11 8 102 362 115 38 372 262 170 70 278 98 119 314 270 75 94 141 0
374 6 17 49 57 37 50 35 23 44 45 29 0 22 55 68 151 13 2 370 128 346 92 146 47 123 30 137 78 9 6 104 362 116 39 373 372 262 170 278 70 119 98 314 270 75 94 141 0
375 53 36 57 49 35 37 44 45 6 23 17 29 0 90 31 4 80 152 146 8 54 370 114 23 38 66 103 15 9 374 127 346 137 362 46 123 262 170 70 264 97 117 314 270 75 94 141 0
376 53 45 57 49 37 44 35 6 23 17 29 0 92 30 2 78 151 146 6 55 370 113 22 39 68 101 13 11 374 128 346 138 362 47 123 375 262 170 264 70 117 97 314 270 75 94 141 0
377 44 24 57 49 37 35 23 45 6 17 29 0 47 128 137 13 123 9 68 346 103 362 22 38 374 55 116 151 6 376 3 370 78 90 148 30 314 270 75 94 141 287 220 70 285 97 119 0
378 17 44 35 37 57 6 23 49 45 29 0 46 127 138 15 123 11 66 346 101 362 23 39 374 54 115 152 8 376 1 370 80 92 148 31 377 287 220 285 70 119 97 314 141 270 75 94 0
379 53 18 9 58 50 54 49 35 37 44 45 6 23 17 29 0 113 39 6 104 78 12 30 139 92 47 378 1 126 149 145 15 55 66 346 22 262 170 70 264 99 117 0
380 53 45 9 58 54 49 35 37 44 50 6 23 17 29 0 114 38 8 102 80 10 31 140 90 46 378 3 125 150 145 13 54 68 346 23 379 262 170 264 70 117 99 0
381 44 30 17 23 54 49 35 37 9 45 6 58 50 29 0 22 55 68 149 13 4 125 346 90 147 46 31 140 80 10 378 8 102 115 38 380 287 220 70 285 99 119 0
382 6 17 49 35 54 9 37 50 23 44 45 58 29 0 23 54 66 150 15 2 126 346 92 147 47 30 139 78 12 378 6 104 116 39 381 380 287 220 285 70 119 99 0
383 53 18 58 50 54 49 35 37 44 45 6 23 17 29 0 114 38 8 102 80 11 31 139 382 90 47 378 4 126 149 147 15 55 66 346 22 287 220 70 290 98 117 0
384 53 45 58 54 49 35 37 44 50 6 23 17 29 0 113 39 6 104 78 9 30 140 382 92 46 378 2 125 150 147 13 54 68 346 23 383 287 220 290 70 117 98 0
385 44 30 17 54 49 35 37 23 45 6 58 50 29 0 23 54 66 150 15 3 126 346 90 145 47 31 139 80 11 378 8 102 382 115 38 384 262 170 70 278 98 119 0
386 17 44 49 54 50 37 35 23 58 45 6 29 0 22 55 68 149 13 1 125 346 92 145 46 30 140 78 9 378 6 104 382 116 39 385 384 262 170 278 70 119 98 0
387 53 1 9 50 54 49 35 37 44 45 6 23 17 29 0 139 47 12 378 126 104 15 39 66 346 113 23 6 54 78 152 30 4 386 92 146 262 170 70 264 99 117 0
388 53 45 9 54 49 35 37 44 50 6 23 17 29 0 140 46 10 378 125 102 13 38 68 346 114 22 8 55 80 151 31 2 386 90 387 146 262 170 264 70 117 99 0
389 44 36 17 54 49 35 37 23 45 6 9 50 29 0 90 31 3 80 151 148 8 55 386 115 22 39 388 68 104 13 12 125 346 139 46 378 287 220 70 285 99 119 0
390 6 17 49 54 9 37 35 50 23 45 44 29 0 92 30 1 78 152 148 6 54 386 116 23 38 388 66 102 15 10 126 346 140 47 389 378 287 220 285 70 119 99 0
391 53 16 50 54 49 35 37 44 45 6 23 17 29 0 38 114 102 8 11 80 139 390 31 47 378 90 126 3 15 151 148 66 346 55 386 23 287 220 70 290 98 117 0
392 53 45 54 49 35 37 44 50 6 23 17 29 0 39 113 104 6 9 78 140 390 30 46 378 92 125 1 13 152 148 68 346 54 386 22 391 287 220 290 70 117 98 0
393 44 30 54 49 35 37 23 45 6 17 50 29 0 23 54 66 152 15 4 386 126 346 90 146 47 31 139 80 11 378 8 102 390 115 38 392 262 170 70 278 98 119 0
394 17 44 49 54 37 50 35 23 6 45 29 0 22 55 68 151 13 2 386 125 346 92 146 46 30 140 78 9 378 6 104 390 116 39 393 392 262 170 278 70 119 98 0
395 53 1 58 9 54 49 35 37 44 45 6 23 17 29 0 140 46 10 378 125 101 13 39 394 68 346 113 22 6 55 78 149 30 4 92 147 287 220 70 290 100 117 0
396 53 45 58 54 49 35 37 44 9 6 23 17 29 0 139 47 12 378 126 103 15 38 394 66 346 114 23 8 54 80 150 31 2 90 395 147 287 220 290 70 117 100 0
397 44 36 17 54 49 35 37 23 45 6 58 9 29 0 92 30 1 78 149 145 6 55 116 22 38 396 68 103 13 12 394 125 346 139 46 378 262 170 70 278 100 119 0
398 6 44 49 35 23 37 9 54 17 45 58 29 0 90 31 3 80 150 145 8 54 115 23 39 396 66 101 15 10 394 126 346 140 47 397 378 262 170 278 70 119 100 0
399 53 28 9 54 49 35 37 44 45 6 23 17 29 0 54 23 152 66 1 398 15 92 148 126 346 30 47 78 139 6 12 378 113 103 39 394 287 220 70 290 100 117 0
400 53 45 54 49 35 37 44 9 6 23 17 29 0 55 22 151 68 3 398 13 90 148 125 346 31 46 80 140 8 10 378 114 101 38 399 394 287 220 290 70 117 100 0
401 44 16 54 49 35 37 23 45 6 17 9 29 0 38 116 103 6 400 12 394 78 139 30 47 378 92 126 2 15 151 146 66 346 55 398 23 262 170 70 278 100 119 0
402 17 44 35 6 37 23 9 54 49 45 29 0 39 115 101 8 400 10 394 80 140 31 46 378 90 125 4 13 152 146 68 346 54 398 22 401 262 170 278 70 119 100 0
403 44 7 17 54 49 35 37 23 45 6 58 3 29 0 4 90 149 31 55 80 22 8 68 115 13 39 117 125 346 101 46 11 394 140 402 378 264 97 170 70 262 145 0
404 6 44 54 49 35 37 23 3 45 17 58 29 0 2 92 150 30 54 78 23 6 66 116 15 38 117 126 346 103 47 9 394 139 403 402 378 264 170 97 262 70 145 0
405 44 1 54 49 35 37 23 45 6 17 58 29 0 139 47 11 378 126 101 402 15 39 394 66 346 113 23 6 119 54 78 150 30 3 92 404 285 97 220 70 287 147 0
406 6 17 49 54 37 35 58 45 23 44 29 0 140 46 9 378 125 103 402 13 38 394 68 346 114 22 8 119 55 80 149 31 1 90 405 404 285 220 97 287 70 147 0
407 53 2 54 49 35 37 44 45 6 23 17 29 0 11 101 139 402 39 394 47 378 113 126 6 15 78 66 346 30 23 92 54 2 152 146 406 262 170 70 264 97 117 0
408 53 45 54 49 37 44 35 6 23 17 29 0 9 103 140 402 38 394 46 378 114 125 8 13 80 68 346 31 22 90 55 4 151 407 146 406 262 170 264 70 117 97 0
409 44 8 54 49 37 35 23 45 6 17 29 0 152 54 1 406 23 92 148 66 30 15 78 126 346 6 47 116 139 38 408 11 378 103 402 394 287 220 70 285 97 119 0
410 17 44 49 37 54 35 23 6 45 29 0 151 55 3 406 22 90 148 68 31 13 80 125 346 8 46 115 140 39 408 9 378 101 409 402 394 287 220 285 70 119 97 0
411 44 9 23 58 2 6 45 50 35 -53 49 57 12 54 29 37 0 12 138 104 46 39 125 115 16 8 66 80 21 31 55 410 90 149 3 145 262 181 72 285 119 99 0
412 9 6 58 45 44 23 50 35 -53 49 57 12 54 29 37 0 10 137 102 47 38 126 116 14 6 68 78 24 30 54 410 92 150 1 411 145 262 181 285 72 99 119 0
413 44 7 23 9 6 45 58 35 -53 49 57 12 54 29 37 0 2 92 150 147 30 54 78 24 6 68 410 116 14 38 126 103 47 12 412 137 287 196 72 278 119 100 0
414 6 44 -53 35 9 58 45 23 49 57 12 54 29 37 0 4 90 149 147 31 55 80 21 8 66 410 115 16 39 125 101 46 10 412 138 413 287 196 278 72 100 119 0
415 44 8 23 58 6 45 50 35 -53 49 57 12 54 29 37 0 149 4 55 90 147 21 31 66 410 80 16 8 125 115 46 39 138 104 11 414 287 196 72 278 119 98 0
416 6 44 58 45 23 50 35 -53 49 57 12 54 29 37 0 150 2 54 92 147 24 30 68 410 78 14 6 126 116 47 38 137 102 9 415 414 287 196 278 72 98 119 0
417 44 7 23 6 45 58 35 -53 49 57 12 54 29 37 0 3 90 150 145 31 54 80 24 8 68 410 115 14 39 126 101 47 11 416 137 414 262 181 72 285 119 97 0
418 44 6 29 35 23 45 -53 49 57 12 54 58 37 0 1 92 149 145 30 55 78 21 6 66 410 116 16 38 125 103 46 9 416 138 417 414 262 181 285 72 97 119 0
419 44 8 23 9 6 45 50 35 -53 49 57 12 54 29 37 0 152 54 4 418 24 90 146 68 410 31 14 80 126 8 47 115 137 39 10 104 262 181 72 285 119 99 0
420 50 6 23 44 9 45 35 -53 49 57 12 54 29 37 0 151 55 2 418 21 92 146 66 410 30 16 78 125 6 46 116 138 38 12 102 419 262 181 285 72 99 119 0
421 44 30 23 6 45 50 35 -53 49 57 12 54 29 37 0 21 55 66 410 151 16 3 418 125 90 148 46 31 138 80 11 8 102 420 115 38 287 196 72 278 119 98 0
422 6 44 -53 23 50 45 35 49 57 12 54 29 37 0 24 54 68 410 152 14 1 418 126 92 148 47 30 137 78 9 6 104 420 116 39 421 287 196 278 72 98 119 0
423 44 8 23 6 45 9 35 -53 49 57 12 54 29 37 0 152 54 1 418 24 92 148 68 410 30 14 78 126 6 47 116 137 38 10 103 422 287 196 72 278 119 100 0
424 6 44 -53 35 9 45 23 49 57 12 54 29 37 0 151 55 3 418 21 90 148 66 410 31 16 80 125 8 46 115 138 39 12 101 423 422 287 196 278 72 100 119 0
429 56 -48 -31 -55 0 42 130 134 0
430 -31 -55 -48 0 41 132 136 429 0
431 3 50 34 9 45 6 23 17 35 -53 49 57 12 54 29 37 0 30 92 78 2 6 151 116 55 145 38 22 102 65 10 16 410 137 125 47 262 181 71 285 119 99 0
432 6 50 9 23 45 3 17 35 -53 49 57 12 54 29 37 0 31 90 80 4 8 152 115 54 145 39 23 104 67 12 14 410 138 126 46 431 262 181 285 71 99 119 0
433 3 9 10 45 6 23 17 35 -53 49 57 12 54 29 37 0 6 78 116 30 38 92 103 2 12 432 150 138 54 148 46 23 125 67 16 410 287 196 71 278 119 100 0
434 6 17 -53 35 9 45 3 23 49 57 12 54 29 37 0 8 80 115 31 39 90 101 4 10 432 149 137 55 148 47 22 126 65 14 433 410 287 196 278 71 100 119 0
435 3 58 34 45 6 23 17 35 -53 49 57 12 54 29 37 0 31 90 80 4 8 149 115 55 39 22 104 65 9 97 16 410 137 434 125 47 285 119 181 71 262 145 0
436 6 17 58 3 23 45 35 -53 49 57 12 54 29 37 0 30 92 78 2 6 150 116 54 38 23 102 67 11 97 14 410 138 434 126 46 435 285 181 119 262 71 145 0
437 3 30 45 6 23 17 35 -53 49 57 12 54 29 37 0 23 54 67 152 14 410 4 436 126 90 47 31 137 80 9 8 103 434 115 38 98 278 119 196 71 287 148 0
438 6 17 3 23 45 35 -53 49 57 12 54 29 37 0 22 55 65 151 16 410 2 436 125 92 46 30 138 78 11 6 101 434 116 39 98 437 278 196 119 287 71 148 0
439 9 -8 58 40 -13 -3 45 6 23 -53 49 29 37 0 116 38 6 102 78 100 30 278 92 196 119 1 287 149 147 0
440 -7 9 40 -13 -3 45 6 23 -53 49 29 37 0 115 39 8 101 80 99 10 31 285 90 181 119 3 262 151 146 439 0
441 8 -9 30 40 -13 -3 45 6 23 -53 49 29 37 0 151 147 3 287 90 196 31 278 80 98 119 8 103 115 38 0
442 16 45 6 23 17 35 -53 49 57 12 54 29 37 0 149 146 1 55 262 438 92 181 30 285 71 78 97 119 6 104 440 116 39 9 441 137 47 126 14 67 23 410 0
443 50 -28 51 7 0 12 104 98 0
444 58 -3 -13 -40 7 45 6 23 -53 49 29 37 0 11 100 101 443 278 39 115 8 80 31 90 196 119 3 287 150 147 0
445 9 7 -51 28 0 103 12 99 0
446 17 6 23 45 35 -53 49 57 12 54 29 37 0 102 97 11 38 445 285 138 116 6 78 30 92 181 119 1 262 71 152 438 146 444 54 46 125 16 65 22 410 442 0
447 20 -46 19 48 0 84 88 27 0
448 19 -46 48 0 82 85 28 447 0
449 17 45 35 29 23 49 57 12 54 -53 37 0 446 74 448 430 121 141 94 0
450 2 -59 1 40 0 148 149 3 0
451 40 -42 10 1 17 37 0 147 151 4 287 450 220 70 67 23 54 0
452 1 59 -40 58 0 3 145 150 0
453 17 9 8 50 1 35 25 57 12 54 37 0 4 152 146 452 451 262 181 71 285 68 22 14 55 126 47 137 10 99 0
454 42 3 -10 58 2 17 37 0 65 70 22 170 55 262 149 145 0
455 17 2 1 -10 42 37 0 71 66 196 23 287 54 148 152 454 3 0
456 -2 -3 17 -10 40 42 37 0 196 71 287 66 147 23 151 54 0
457 17 23 8 50 35 -53 49 57 12 54 29 37 0 170 70 262 278 65 146 22 16 150 4 55 456 455 90 125 46 138 11 98 119 453 31 77 7 449 115 76 39 104 448 430 121 141 94 0
458 -8 44 50 -43 18 17 35 25 57 12 54 0 138 12 46 98 125 278 16 170 66 70 0
459 -8 58 50 -1 3 17 35 25 57 12 54 37 0 137 9 47 99 126 285 14 181 67 71 262 458 23 54 150 145 2 0
460 17 -18 43 35 -8 44 50 25 57 12 54 0 137 9 47 99 126 285 14 220 68 70 0
461 58 17 35 -1 -8 50 25 57 12 54 37 0 138 12 46 98 125 278 16 196 65 71 287 460 22 55 149 147 1 459 0
462 17 50 40 -1 35 -8 25 57 12 54 37 0 137 9 47 99 126 285 14 181 67 71 262 458 23 146 2 461 151 54 0
463 17 50 -53 35 23 49 57 12 54 29 37 0 138 12 46 98 457 125 278 16 196 119 65 71 287 460 22 148 1 461 152 92 55 462 30 79 5 449 116 76 38 102 448 430 121 141 94 0
464 44 17 -43 35 -18 -8 -50 25 57 12 54 0 137 9 47 100 126 278 14 170 68 70 0
465 17 23 3 2 58 35 -53 49 57 12 54 29 37 0 138 12 46 97 103 125 285 463 16 181 119 65 71 262 464 22 38 116 5 79 76 30 449 92 55 2 149 145 448 430 121 141 94 0
466 17 18 -43 35 8 44 -50 25 57 12 54 0 138 11 46 100 125 278 16 170 66 70 0
467 23 17 -53 35 58 3 49 57 12 54 29 37 0 137 10 47 97 101 126 285 463 14 181 119 67 71 262 466 23 39 115 7 77 76 31 449 54 90 150 4 465 145 448 430 121 141 94 0
468 17 23 44 10 3 35 -53 49 57 12 54 29 37 0 5 79 116 76 30 449 38 92 103 2 12 463 151 138 97 55 467 46 22 125 68 16 448 430 121 141 94 285 119 220 287 148 70 0
469 17 23 44 3 35 -53 49 57 12 54 29 37 0 7 77 115 76 31 449 39 90 101 4 10 463 152 137 97 54 467 47 23 126 66 14 468 285 220 119 70 287 448 430 121 141 94 148 0
470 17 23 18 3 35 -53 49 57 12 54 29 37 0 116 38 5 103 79 76 9 463 30 449 137 100 92 47 2 126 151 14 55 467 67 22 469 448 430 121 141 94 278 119 196 287 148 71 0
471 23 17 -53 35 3 49 57 12 54 29 37 0 115 39 7 101 77 76 11 463 31 449 138 100 90 46 4 125 152 16 54 467 65 23 470 469 278 196 119 71 287 148 448 430 121 141 94 0
472 17 23 8 18 44 35 -53 49 57 12 54 29 37 0 92 30 1 79 149 471 5 449 146 55 116 76 262 38 466 103 463 119 22 448 430 121 141 94 0
473 17 23 44 10 35 -53 49 57 12 54 29 37 0 31 90 77 451 7 449 285 55 115 76 97 119 39 12 463 101 472 138 68 46 22 125 16 448 430 121 141 94 0
474 -6 -45 -50 8 -40 13 -7 -3 23 -53 49 29 37 0 1 152 92 147 30 287 79 220 5 285 116 97 119 38 10 103 0
475 44 17 35 23 -53 49 57 12 54 29 37 0 31 77 90 7 449 452 115 76 262 54 146 471 39 464 101 474 66 463 119 137 70 47 23 126 14 473 448 430 121 141 94 0
476 40 2 8 -50 -3 -44 17 35 25 57 12 54 37 0 10 137 97 47 285 126 181 14 262 71 67 146 23 149 54 0
477 17 23 8 35 -53 49 57 12 54 29 37 0 11 138 100 46 278 463 125 196 119 16 287 71 65 147 22 475 152 471 55 476 1 92 30 79 5 449 116 76 38 103 448 430 121 141 94 0
478 -8 -3 40 -44 -2 -50 17 35 25 57 12 54 37 0 9 137 100 47 278 126 456 14 67 23 54 0
479 23 17 -53 35 49 57 12 54 29 37 0 12 138 97 477 46 285 463 125 181 119 16 262 71 65 146 22 475 150 471 55 478 3 90 31 77 7 449 115 76 39 101 448 94 430 121 141 0
480 47 -19 46 48 0 26 86 82 0
481 -19 46 48 0 25 87 84 480 0
482 -46 45 4 22 0 7 75 78 0
483 -46 22 4 0 8 73 79 482 0
484 17 50 8 35 -53 49 57 12 54 29 37 0 170 70 262 278 65 146 22 16 150 4 55 456 455 90 125 46 138 11 98 119 453 29 483 479 115 481 39 104 430 121 141 96 0
485 6 -46 -4 -22 0 77 6 75 0
486 -22 -46 -4 0 80 5 73 485 0
487 17 -53 50 35 49 57 12 54 29 37 0 138 12 46 98 484 125 278 16 196 119 65 71 287 460 22 148 1 461 152 92 55 462 32 486 479 116 481 38 102 430 121 141 96 0
488 40 59 -1 3 0 151 2 145 0
489 40 59 -1 0 149 146 1 488 0
490 40 17 8 -50 -1 35 25 57 12 54 37 0 137 10 47 97 126 285 14 181 67 71 262 466 23 489 54 0
491 43 -18 8 -50 44 17 35 25 57 12 54 0 137 10 47 97 126 285 14 220 68 70 0
492 43 -18 8 -50 17 35 25 57 12 54 0 138 11 46 100 125 278 16 196 65 71 491 0
493 3 -59 -1 -40 0 150 148 2 0
494 17 22 35 -53 49 57 12 54 29 37 0 152 147 1 490 493 287 92 492 101 22 487 119 55 39 115 483 32 481 479 430 121 141 96 0
495 43 -8 -50 18 44 17 35 25 57 12 54 0 138 12 46 97 125 285 16 220 66 70 0
496 43 -8 -50 18 17 35 25 57 12 54 0 137 9 47 100 126 278 14 196 67 71 495 0
497 -8 40 1 -50 17 35 25 57 12 54 37 0 147 151 4 287 450 496 23 54 0
498 59 -40 1 0 4 146 152 452 0
499 17 49 -53 57 29 12 35 54 37 0 138 12 46 97 103 125 285 487 16 181 119 65 71 262 464 22 498 90 497 55 38 116 486 29 494 481 479 96 430 121 141 0
500 4 22 -24 48 49 0 481 96 483 31 0
502 4 -45 46 -22 0 7 76 77 0
503 4 -24 48 49 0 8 74 80 502 448 500 94 29 0
504 50 -43 18 44 8 -17 35 25 57 12 54 0 11 138 99 46 285 125 181 16 72 66 0
505 50 1 18 8 -17 35 25 57 12 54 37 0 137 10 47 98 126 278 14 170 67 69 262 504 498 54 24 0
506 40 1 -59 0 147 151 4 450 0
507 -18 44 43 50 8 -17 35 25 57 12 54 0 137 10 47 98 126 278 14 196 68 72 0
508 -53 35 50 8 49 57 12 54 29 37 0 138 11 46 99 125 285 16 220 119 65 69 287 507 505 499 506 90 55 21 503 115 430 39 104 121 141 0
511 24 -22 48 -4 49 0 96 481 30 486 0
515 45 46 22 -4 0 6 78 74 0
516 46 22 -4 0 5 79 76 515 0
518 48 24 -4 49 0 448 94 516 32 511 0
519 44 -17 9 -50 8 -1 35 25 57 12 54 37 0 152 147 1 54 493 287 24 68 14 126 196 47 278 72 137 100 10 0
520 58 59 40 -1 0 1 149 145 0
521 44 -17 -1 8 -50 35 25 57 12 54 37 0 2 151 146 520 55 262 21 66 16 125 181 46 285 72 138 97 11 519 0
522 -17 25 9 -50 8 35 -1 57 12 54 37 0 2 151 146 520 55 262 21 67 14 521 126 170 47 278 69 137 100 10 0
523 49 8 -53 57 29 12 35 54 37 0 152 147 1 54 493 287 92 24 65 499 16 521 125 220 46 285 69 138 97 119 11 522 508 518 116 430 38 103 121 141 0
524 -13 48 9 1 40 -8 -53 49 29 37 0 147 151 4 287 450 196 278 100 119 102 38 116 518 92 0
525 59 40 -1 0 2 151 146 520 0
528 48 -46 49 4 -24 0 29 94 483 448 0
529 6 44 9 35 -53 49 57 12 54 29 37 0 424 76 96 528 481 430 121 141 90 524 523 72 499 55 21 66 16 125 46 138 12 115 39 101 99 285 119 181 262 525 0
530 44 -53 9 35 49 57 12 54 29 37 0 77 7 74 31 529 115 528 96 90 481 430 39 101 99 523 285 181 119 262 72 525 524 55 21 66 499 16 125 46 138 12 121 141 0
531 45 58 35 44 46 -53 49 57 12 54 29 37 0 418 74 96 481 430 121 141 0
532 -13 -45 4 23 -40 -6 -9 -8 -53 49 29 37 0 262 181 498 285 90 97 119 31 102 77 38 7 116 0
533 2 58 -4 -13 -9 -8 48 -53 49 29 37 0 196 287 278 147 98 119 2 101 92 39 518 115 0
534 58 44 35 -53 49 57 12 54 29 37 0 532 76 531 533 96 54 72 530 523 528 481 430 90 498 262 181 285 97 119 102 38 116 150 24 499 68 14 126 47 137 9 121 141 0
535 -22 6 4 46 0 80 8 76 0
536 -40 48 -9 -13 -8 4 -53 49 29 37 0 532 74 535 96 528 31 90 481 498 262 181 285 97 119 102 38 116 0
537 44 -53 35 49 57 12 54 29 37 0 196 287 278 72 148 98 119 1 534 101 530 92 152 39 523 518 115 536 430 54 24 68 499 14 126 47 137 9 121 141 0
538 -53 48 9 -40 13 -8 4 49 29 37 0 77 7 74 31 535 528 96 90 481 498 262 170 278 100 119 102 38 116 0
539 -53 35 9 49 57 12 54 29 37 0 152 147 1 54 493 287 92 220 285 69 99 119 101 39 523 518 115 538 430 24 65 499 16 537 125 46 138 12 121 141 0
540 40 -59 1 0 147 4 151 450 0
541 48 4 -9 13 -8 40 -53 49 29 37 0 77 7 74 31 535 528 96 90 481 540 287 220 285 97 119 102 38 116 0
542 54 12 -53 57 29 49 35 37 0 170 278 262 69 98 119 525 101 539 92 55 39 523 518 115 541 430 21 67 499 14 537 126 47 137 9 141 121 0
543 32 31 48 -55 0 129 136 43 0
544 48 31 -55 0 131 134 44 543 0
545 24 46 4 -48 49 0 77 7 74 32 535 94 270 0
546 20 -19 -46 -48 0 81 88 26 0
547 24 49 -48 4 0 83 85 25 546 545 96 30 483 0
548 44 -13 16 10 0 24 68 70 0
549 25 -35 9 50 43 16 -28 57 12 54 0 23 67 69 548 14 220 126 48 138 12 285 104 99 0
550 44 16 13 -10 0 23 66 72 0
551 25 -35 9 59 1 -28 57 12 54 37 0 24 65 71 54 550 16 196 125 45 137 278 287 10 100 101 549 498 0
552 44 10 13 -16 0 22 68 72 0
553 25 -35 13 9 -43 -28 -16 57 12 54 0 21 67 71 552 14 126 48 138 12 104 100 278 170 0
554 44 -13 -16 -10 0 21 66 70 0
555 -53 1 9 49 57 12 54 29 37 0 22 65 69 55 554 16 553 125 45 137 542 10 101 99 39 285 181 119 262 540 551 115 547 92 544 121 142 0
556 6 22 46 -4 0 78 76 6 0
557 46 -48 -4 -24 49 0 79 5 74 29 556 94 270 0
558 -24 49 -4 -48 0 83 85 25 546 557 96 31 486 0
559 44 18 13 9 -1 28 -35 25 57 12 54 37 0 100 102 278 10 170 137 262 45 525 125 55 16 22 66 72 0
560 44 25 13 9 -1 28 -35 57 12 54 37 0 152 1 147 54 493 287 220 285 99 103 12 138 48 126 14 23 68 559 72 0
561 18 25 13 9 -1 28 -35 57 12 54 37 0 152 1 147 54 493 287 220 285 99 103 12 138 48 126 14 67 24 560 71 0
562 9 -1 13 28 25 -35 57 12 54 37 0 102 100 10 278 137 170 45 262 125 525 16 55 65 21 561 560 71 0
563 44 18 9 -1 28 -35 25 57 12 54 37 0 152 1 147 54 493 287 196 278 562 100 102 10 137 45 125 16 66 24 70 0
564 44 25 9 -1 28 -35 57 12 54 37 0 103 99 12 285 138 181 48 262 562 126 525 14 55 68 21 563 70 0
565 18 25 9 -1 28 -35 57 12 54 37 0 99 103 285 12 181 138 262 562 48 525 126 55 14 22 67 69 564 0
566 49 9 -53 57 29 12 54 37 0 152 1 147 54 493 555 287 196 278 562 100 119 102 10 38 137 45 125 542 16 23 65 565 69 564 116 558 90 544 121 142 0
567 -53 40 13 50 8 -48 -9 49 29 37 0 525 92 262 547 170 115 278 39 98 119 104 0
568 44 18 13 -53 49 57 12 54 29 37 0 540 90 287 55 558 220 116 544 285 38 97 119 103 567 566 9 137 45 125 542 16 66 22 72 121 142 0
569 -53 -8 13 50 -40 -48 -9 49 29 37 0 498 90 262 558 170 116 278 38 98 119 102 0
570 44 57 49 13 -53 12 54 29 37 0 152 1 147 54 493 92 287 547 115 544 220 39 285 101 97 119 569 11 566 138 48 126 542 14 68 23 568 72 121 142 0
571 -53 8 13 50 49 57 12 54 29 37 0 14 67 126 21 570 48 55 71 138 542 567 11 544 566 121 142 0
572 -53 50 13 49 57 12 54 29 37 0 16 65 125 24 570 45 54 71 137 542 569 9 571 544 566 121 142 0
573 -17 -44 -50 8 -59 -53 49 57 12 54 29 37 0 55 21 540 67 90 14 558 126 116 544 48 38 138 542 103 11 566 121 142 0
574 29 49 13 57 54 12 -53 37 0 152 1 147 54 493 92 287 24 65 71 16 570 547 125 115 544 45 39 137 542 101 9 573 572 566 220 285 97 119 121 142 0
575 -13 16 10 0 23 67 69 548 0
576 -53 8 50 49 57 12 54 29 37 0 152 1 147 54 493 92 287 575 14 574 547 126 115 544 48 39 138 542 104 11 566 196 278 119 98 121 142 0
577 -53 50 49 57 12 54 29 37 0 22 65 69 55 554 16 574 540 90 287 558 125 116 544 45 38 137 542 102 9 576 566 196 278 98 119 121 142 0
578 -53 10 49 57 12 54 29 37 0 38 116 103 558 9 577 90 544 137 566 498 45 54 262 125 542 575 16 574 121 142 181 285 119 97 0
579 54 12 -53 57 29 49 37 0 22 65 69 55 554 578 574 525 92 262 547 115 544 39 101 11 577 138 566 48 126 542 14 181 285 97 119 142 121 0
580 10 -16 13 0 21 67 71 552 0
581 24 50 8 -34 9 49 53 57 -55 29 0 430 518 141 113 45 39 137 104 10 0
582 50 10 9 13 49 57 12 54 29 37 0 544 547 142 121 114 92 46 38 579 138 125 102 12 581 525 55 262 580 16 170 264 117 99 0
583 16 13 -10 0 24 65 71 550 0
584 50 -24 8 34 9 49 53 57 -55 29 0 544 558 142 113 47 39 137 104 10 0
585 50 9 13 49 57 12 54 29 37 0 77 7 74 31 535 114 528 96 90 481 430 141 121 48 38 579 138 126 102 12 584 498 54 262 583 582 14 170 264 99 117 0
586 4 10 -36 -59 13 49 57 12 54 37 0 77 7 74 31 535 528 96 90 481 430 141 121 540 45 55 125 580 16 0
587 8 9 13 49 57 12 54 29 37 0 152 1 147 54 493 92 287 547 544 114 142 121 47 126 137 583 14 586 38 579 103 10 585 220 290 117 100 0
588 10 -4 -59 36 13 49 57 12 54 37 0 558 544 90 142 121 540 46 55 125 580 16 0
589 29 9 49 13 57 54 12 37 0 152 1 147 54 493 92 287 518 430 113 141 121 48 126 138 583 14 588 39 579 101 12 587 585 220 290 100 117 0
590 -8 29 13 48 4 40 49 53 -9 37 0 77 74 7 31 535 528 96 90 481 540 287 220 290 98 117 101 39 113 0
591 29 -9 57 35 13 49 53 -34 -55 40 37 0 170 264 262 97 117 525 102 92 38 11 518 114 590 430 138 141 46 0
592 -48 -9 13 40 8 4 49 53 29 37 0 170 264 262 97 117 525 104 92 39 547 113 0
593 29 10 49 13 57 54 12 37 0 220 290 287 98 117 540 103 589 90 55 38 9 558 114 592 544 579 137 142 121 45 591 125 580 16 0
594 8 29 48 4 -40 13 49 53 -9 37 0 77 74 7 31 535 528 96 90 481 498 262 170 264 97 117 104 39 113 0
595 29 -9 48 13 -55 49 53 57 34 -40 37 0 152 1 147 493 92 287 220 290 98 117 103 38 9 518 114 594 137 47 142 544 0
596 -48 -9 13 -40 -8 4 49 53 29 37 0 152 1 147 493 92 287 220 290 98 117 101 39 547 113 0
597 54 49 57 13 29 12 37 0 170 264 262 97 117 498 102 589 90 54 38 11 558 114 596 595 579 138 48 141 126 430 121 583 14 593 0
598 48 -24 4 49 0 77 74 7 31 535 528 96 481 0
599 -13 44 16 10 0 24 70 68 0
600 16 -13 10 0 23 69 67 599 0
601 -28 9 -7 -51 0 101 99 10 0
602 -13 40 48 4 -7 49 53 29 37 0 104 97 9 39 601 264 196 117 287 540 90 598 113 0
603 9 28 51 -7 0 102 100 10 0
604 29 40 48 49 57 54 12 37 0 103 9 98 38 603 137 290 181 117 262 597 525 92 518 114 602 579 47 126 142 14 600 54 544 121 0
605 -59 -40 -1 0 152 1 147 493 0
606 -13 44 -16 -10 0 21 66 70 0
607 -13 -16 -10 0 22 65 69 606 0
608 -13 9 48 50 8 -40 49 53 29 37 0 92 605 518 287 113 196 39 264 104 99 117 0
609 -13 9 48 7 -40 49 53 29 37 0 90 498 598 262 114 181 38 290 103 100 117 608 12 0
610 -8 50 48 -40 -9 -13 49 53 29 37 0 90 498 598 262 114 181 38 290 102 98 117 0
611 54 49 48 29 57 12 37 0 605 92 287 604 518 196 113 264 597 39 579 97 117 101 610 609 11 138 46 125 142 16 607 55 544 121 0
612 8 50 49 9 57 12 54 29 37 0 55 540 607 90 287 16 597 558 125 113 611 45 39 579 137 141 104 10 196 264 117 99 430 121 0
613 50 9 49 57 54 12 29 37 0 54 605 600 92 287 14 597 547 126 114 611 48 38 579 138 141 102 12 612 196 264 99 117 430 121 0
614 8 9 49 12 57 54 29 37 0 55 525 607 92 262 16 597 547 125 114 611 45 38 579 137 141 103 10 613 181 290 117 100 430 121 0
615 9 49 54 57 12 29 37 0 54 498 600 90 262 14 597 558 126 113 611 48 39 579 138 141 101 12 614 613 181 290 100 117 430 121 0
616 8 50 49 57 12 54 29 37 0 54 498 600 90 262 14 597 558 126 113 611 48 39 579 138 141 104 11 615 181 290 117 98 430 121 0
617 50 29 49 57 54 12 37 0 55 525 607 92 262 16 597 547 125 114 611 45 38 579 137 141 102 9 616 615 181 290 98 117 430 121 0
618 29 8 49 54 57 12 37 0 54 605 600 92 287 14 597 547 126 114 611 48 38 579 138 141 103 11 617 615 196 264 117 97 430 121 0
619 54 49 29 57 12 37 0 55 540 607 90 287 16 597 558 125 113 611 45 39 579 137 141 101 9 618 617 615 196 264 97 117 430 121 0
637 29 -55 57 54 37 49 0 123 619 0
638 -28 51 57 35 40 29 53 37 13 49 48 0 104 12 100 138 591 46 127 314 15 637 124 583 141 54 0
639 9 -28 51 7 0 104 12 100 0
640 29 7 40 53 37 13 49 48 4 0 590 11 639 290 39 117 220 287 540 90 598 113 0
641 55 -34 10 54 0 15 126 121 0
642 57 -7 51 40 -28 29 53 37 13 49 48 0 16 128 122 583 641 48 544 142 638 138 54 0
643 12 54 -57 11 -36 48 0 143 45 544 125 121 0
644 12 -36 -57 10 48 0 144 314 47 124 128 643 16 0
645 54 -36 -57 -12 -11 48 0 144 314 47 123 126 0
646 29 40 53 37 13 49 48 4 0 143 45 544 642 127 139 122 645 15 644 583 640 290 39 220 117 287 540 54 90 113 598 0
647 29 -7 53 37 13 49 48 4 0 594 9 601 646 39 264 113 117 170 262 498 90 598 0
648 29 7 54 -11 12 37 49 48 0 48 143 140 126 544 619 121 0
649 31 -34 57 7 0 45 141 137 0
650 29 7 12 -10 37 49 48 0 46 144 140 127 649 314 124 648 14 0
651 34 57 -36 -12 11 48 0 544 142 122 47 125 0
652 -12 11 48 7 57 0 314 123 649 128 651 137 0
653 34 11 -57 -12 36 48 0 544 143 122 48 125 0
654 29 53 37 13 49 48 4 0 314 144 123 46 652 128 650 653 140 13 647 580 55 646 0
655 57 54 12 34 25 28 37 13 1 48 0 103 98 9 603 278 137 170 262 498 47 54 142 583 544 16 121 125 0
656 9 -51 7 28 0 103 12 99 0
657 57 54 34 25 28 37 13 1 48 0 102 97 11 656 285 138 220 287 48 540 141 55 314 580 123 13 655 125 0
658 57 34 12 25 28 37 13 1 48 0 102 97 11 656 285 138 220 287 48 540 141 55 314 580 124 14 657 127 0
659 25 28 57 37 13 34 1 48 0 103 9 98 603 652 278 170 262 498 54 583 15 658 127 657 0
660 57 54 12 25 28 37 13 1 48 0 102 11 97 656 138 285 220 287 540 55 46 580 142 659 14 544 126 121 0
661 57 12 25 28 37 13 1 48 0 103 9 98 603 649 278 170 262 498 54 583 314 659 16 124 128 660 0
662 57 11 25 28 37 13 1 48 0 103 9 98 603 652 278 170 262 498 54 583 15 661 0
663 37 13 57 1 25 28 48 0 102 11 97 656 138 285 220 287 46 540 142 659 55 544 580 122 13 126 661 662 0
664 12 10 25 28 37 13 1 48 0 102 11 97 656 139 285 220 287 540 55 644 663 580 0
665 34 12 -11 36 -57 48 0 544 143 121 48 127 0
666 12 36 -11 -57 48 0 314 124 144 126 46 665 0
667 12 25 28 37 13 1 48 0 103 9 98 603 140 278 666 663 14 170 262 498 54 583 664 0
668 11 36 -57 -12 48 0 314 123 144 128 46 653 0
669 11 25 28 37 13 1 48 0 103 9 98 603 140 278 668 663 667 170 262 498 54 583 15 0
670 7 28 -51 0 102 11 97 656 0
671 53 49 37 13 48 4 0 143 544 45 663 122 127 139 645 667 669 670 37 285 220 118 287 540 55 90 580 13 654 113 598 0
672 57 36 12 11 34 48 0 314 124 141 125 48 0
673 57 36 12 11 48 0 544 121 142 128 46 672 0
674 -28 9 7 51 0 104 100 12 0
675 30 -53 7 42 51 0 101 98 11 40 674 119 285 0
676 30 25 57 37 -53 13 1 48 0 38 663 120 0
677 30 -53 57 12 11 37 13 1 48 0 675 290 220 138 676 287 540 55 580 673 14 0
678 34 57 12 -36 -11 48 0 544 142 121 47 127 0
679 57 7 12 -11 48 0 314 124 649 126 678 137 0
680 -28 9 -7 -51 0 101 10 99 0
681 30 -53 57 12 37 13 1 48 0 104 9 97 40 680 679 264 677 170 676 262 498 54 583 16 119 0
682 30 -53 57 7 37 13 1 48 0 675 290 220 676 287 540 55 580 13 652 681 0
683 -51 -28 -7 0 104 9 97 680 0
684 34 57 36 -12 -11 48 0 314 141 123 48 127 0
685 30 -53 57 37 13 1 48 0 544 142 122 46 126 681 684 138 15 583 54 498 262 170 264 683 676 682 40 119 0
686 30 -53 7 42 0 102 11 97 38 656 675 120 290 0
687 34 12 -57 11 -36 48 0 314 144 124 47 125 0
688 30 -53 12 11 37 13 1 48 0 544 143 121 45 685 128 687 139 686 220 287 540 55 580 14 0
689 34 12 -57 36 -11 48 0 544 143 121 48 127 0
690 12 36 -57 -11 48 0 314 144 124 46 126 689 0
691 -7 30 51 -42 -53 0 103 98 9 38 603 120 264 0
692 30 -53 12 37 13 1 48 0 119 40 278 683 691 170 140 690 685 688 262 498 54 583 16 0
693 34 11 -57 -12 36 48 0 544 143 122 48 125 0
694 11 36 -57 -12 48 0 314 123 144 128 46 693 0
695 30 -53 11 37 13 1 48 0 119 40 278 683 691 170 140 694 685 692 262 498 54 583 15 0
696 34 -36 -57 -12 -11 48 0 314 123 144 127 47 0
697 49 13 37 48 4 0 544 122 143 126 692 45 685 696 695 139 686 220 671 116 287 540 55 90 580 13 598 0
698 -25 28 53 4 0 39 118 113 0
699 -53 42 7 4 0 686 116 0
700 28 42 7 4 0 102 11 97 656 285 698 699 0
701 7 42 4 0 101 98 11 700 674 290 117 37 699 113 0
702 38 -43 -37 -59 0 154 160 50 0
703 57 -37 13 12 11 1 48 4 0 156 158 49 220 702 498 701 138 56 580 673 14 0
704 38 59 -37 43 0 155 157 50 0
705 59 43 -37 0 153 159 49 704 0
706 28 -7 -42 53 4 0 103 9 98 603 278 698 0
707 53 -7 -42 4 0 264 117 683 37 706 113 0
708 57 -37 13 12 1 48 4 0 119 40 278 707 683 116 691 170 679 705 540 53 583 16 703 0
709 57 -37 13 7 1 48 4 0 156 158 49 220 702 498 56 580 13 701 652 708 0
710 57 36 -11 -12 48 0 544 142 122 46 126 684 0
711 48 1 13 -37 57 4 0 119 40 278 707 683 116 691 170 709 705 540 53 583 15 710 708 138 0
712 -59 -37 -43 0 156 158 49 702 0
713 -10 36 -57 12 48 0 14 690 0
714 13 -37 7 1 48 4 0 13 694 713 580 711 140 56 498 712 220 701 0
715 12 -36 -57 11 48 0 544 143 121 45 128 687 0
716 -42 -7 4 0 119 40 278 707 683 116 691 0
717 -36 10 -57 12 48 0 16 715 0
718 49 13 48 4 0 544 122 143 126 717 45 711 696 15 139 583 53 540 697 705 90 170 716 714 598 0
719 37 -16 1 43 0 498 54 262 0
720 57 -13 1 12 11 48 4 0 540 705 53 719 181 600 701 138 14 673 0
721 16 37 -43 1 0 540 55 287 0
722 57 -13 1 12 48 4 0 498 712 56 721 196 607 716 16 679 720 0
723 57 -13 1 11 48 4 0 498 712 56 721 196 607 716 652 15 722 0
724 48 1 -13 57 4 0 540 705 53 719 181 600 701 138 710 13 723 722 0
725 12 -13 1 11 48 4 0 540 705 53 719 181 600 701 139 14 715 724 0
726 12 -13 1 48 4 0 498 56 712 721 607 196 716 140 16 690 724 725 0
727 11 -13 1 48 4 0 498 56 712 721 607 196 716 140 694 724 15 726 0
728 -36 -11 -57 -12 48 0 544 122 143 126 45 696 0
729 48 49 4 0 540 53 705 90 719 600 181 701 718 139 728 724 727 726 13 598 0
730 46 24 48 4 0 77 74 7 32 535 95 481 729 0
731 48 24 4 0 30 93 483 448 729 730 0
732 57 11 12 48 4 0 220 701 721 724 138 580 711 89 673 14 729 731 0
733 57 12 48 4 0 170 719 716 724 583 89 711 679 16 732 729 731 0
734 57 11 48 4 0 170 719 716 724 583 89 711 652 15 733 729 731 0
735 57 48 4 0 220 701 721 724 138 580 711 89 710 13 734 733 729 731 0
736 12 11 48 4 0 721 220 714 580 89 701 726 139 715 735 14 729 731 0
737 12 48 4 0 540 705 53 89 719 170 583 716 726 140 690 735 16 736 729 731 0
738 11 48 4 0 540 705 53 89 719 170 583 716 727 140 694 735 15 737 729 731 0
739 37 43 -42 1 10 0 600 719 220 0
740 37 1 -42 10 0 580 721 181 739 0
741 48 4 0 540 705 53 89 181 740 600 714 701 13 139 728 735 738 737 731 729 0
742 1 49 4 0 92 547 741 0
743 -49 46 -24 4 0 77 74 7 31 535 93 270 741 0
744 -19 -46 47 -48 0 25 88 83 0
745 1 4 0 26 85 81 95 744 743 741 29 742 483 91 0
746 34 12 -48 57 36 -11 0 430 121 141 127 48 0
747 32 55 -48 31 0 132 133 43 0
748 12 36 57 -48 -10 0 130 135 44 747 124 142 126 46 746 14 0
749 -12 55 11 36 57 -48 0 130 135 44 747 142 46 125 122 0
750 -7 -10 57 -48 0 48 141 128 138 430 123 13 749 748 0
751 -11 12 -57 -36 55 -48 0 130 135 44 747 143 45 127 121 0
752 12 -10 -57 -36 -48 0 47 126 144 124 14 430 751 0
753 -12 55 11 -36 -57 -48 0 130 135 44 747 143 45 125 122 0
754 -16 43 42 4 0 47 128 144 139 123 13 430 750 753 752 741 580 701 196 0
755 11 55 -48 57 -36 12 0 130 135 44 747 142 47 128 121 0
756 12 10 57 -48 -36 0 45 125 141 124 16 430 755 0
757 -12 55 -36 -11 57 -48 0 130 135 44 747 142 47 126 122 0
758 10 7 57 -48 0 45 127 141 137 123 15 430 757 756 0
759 11 12 -57 55 36 -48 0 130 135 44 747 143 48 128 121 0
760 12 10 -57 36 -48 0 46 125 144 124 16 430 759 0
761 55 -12 -57 -11 36 -48 0 130 135 44 747 143 48 126 122 0
762 37 43 4 0 46 127 144 140 123 15 430 758 761 760 741 607 716 220 55 754 525 262 745 0
763 -59 -40 -1 0 152 147 1 493 0
764 57 16 10 -43 4 0 170 716 600 758 741 0
765 57 16 -43 4 0 701 181 750 583 764 741 0
766 12 16 -43 10 4 0 716 170 140 600 760 765 741 0
767 12 16 -43 4 0 701 139 181 752 765 583 766 741 0
768 36 16 -43 4 0 46 127 144 123 15 430 765 761 767 741 583 181 701 139 0
769 37 4 0 47 128 144 768 123 13 430 765 753 767 741 600 170 54 716 762 140 763 287 745 0
770 43 42 4 0 56 763 754 769 705 745 0
772 -37 43 -42 -10 -1 0 56 607 763 220 705 0
773 57 -43 4 0 53 525 765 769 712 745 0
774 57 4 0 758 716 772 741 770 773 769 745 0
775 36 10 -57 -48 0 46 127 144 123 15 430 761 760 0
776 10 4 0 53 525 600 769 712 745 170 770 716 140 775 774 741 0
777 36 4 0 53 525 768 769 712 745 772 701 776 139 774 0
778 4 0 47 777 144 774 430 741 753 752 776 13 128 123 0
779 -5 -6 0 5 778 0
780 5 6 0 6 778 0
781 -30 53 0 114 778 0
782 30 -53 0 115 778 0
783 -22 -46 0 486 778 0
784 24 49 48 0 518 778 0
785 -24 49 -48 0 558 778 0
786 55 11 36 12 48 57 0 48 128 141 121 314 0
787 12 48 10 36 57 0 46 125 142 124 16 544 786 0
788 -12 55 -11 36 48 57 0 48 126 141 122 314 0
789 48 36 10 57 0 46 127 142 123 15 544 788 787 0
790 49 48 1 0 92 784 0
791 45 22 46 0 780 78 74 0
792 46 -24 -49 48 0 779 79 76 791 29 95 481 0
793 1 48 0 93 31 448 790 783 91 792 0
794 -7 28 53 42 0 103 98 9 603 290 117 40 781 0
795 -7 53 42 0 285 118 683 38 794 781 0
796 -7 28 42 0 103 98 9 603 290 120 39 795 782 0
797 -7 42 0 119 285 37 795 683 796 782 0
798 43 -1 -42 -10 0 525 55 262 607 772 220 0
799 37 -16 -43 -1 0 763 54 287 0
800 48 36 57 0 525 712 53 793 799 798 583 181 789 797 137 0
801 16 37 43 -1 0 525 55 262 0
802 10 43 -1 42 0 763 56 705 801 580 196 0
803 10 -1 42 0 525 712 53 799 802 600 170 0
804 31 48 12 -11 57 0 127 121 45 544 141 800 0
805 48 12 -10 57 0 126 124 47 14 314 142 800 804 0
806 48 -10 57 0 13 652 805 138 800 0
807 28 7 -42 53 0 102 97 11 656 264 117 40 781 0
808 9 51 7 -28 0 104 100 12 0
809 7 53 -42 0 101 98 11 807 808 278 118 38 781 0
810 28 7 -42 0 102 11 97 656 264 120 39 809 782 0
811 48 57 0 101 98 11 810 808 278 138 119 803 37 809 782 806 793 800 0
812 1 43 42 -10 0 540 53 705 719 583 196 0
813 1 -10 42 0 498 712 56 721 812 607 170 0
814 49 -1 -48 0 785 90 0
815 46 24 -49 -48 0 779 79 76 791 30 93 270 0
816 -1 -48 0 26 85 81 95 744 815 32 814 783 89 0
817 42 57 0 758 813 797 811 816 0
818 43 1 -42 10 0 540 53 705 719 600 220 0
819 10 1 -42 0 498 712 56 721 818 580 181 0
820 57 0 101 810 817 750 811 819 816 11 808 278 119 809 37 782 98 0
821 -7 36 0 139 820 0
822 7 -36 0 140 820 0
823 -31 35 0 143 820 0
824 31 -35 0 144 820 0
826 -10 12 -36 -48 0 752 820 0
827 11 -12 55 -48 -36 0 753 820 0
831 -48 36 10 0 775 820 0
832 1 42 0 831 813 793 822 797 0
833 -11 12 55 36 48 0 46 824 127 314 121 0
834 -10 12 36 48 0 48 823 126 544 124 14 833 0
835 11 -12 55 36 48 0 46 125 824 122 314 0
836 42 0 48 822 797 823 544 816 832 835 834 803 13 128 123 0
841 -13 -43 0 181 836 0
844 25 -51 0 278 836 0
847 43 -1 -10 0 798 836 0
849 53 7 0 809 836 0
850 28 7 0 810 836 0
852 10 1 0 819 836 0
853 36 0 101 850 821 11 808 844 119 849 37 782 98 0
857 -34 -35 0 45 853 0
858 34 35 0 47 853 0
862 12 -10 -48 0 826 853 0
863 55 11 -48 -12 0 827 853 0
865 12 31 11 48 0 128 858 121 824 544 0
866 12 10 48 0 125 857 124 16 823 314 865 0
867 55 -11 -12 48 0 858 126 824 122 314 0
868 10 48 0 857 127 823 123 15 544 867 866 0
869 48 0 525 793 53 583 868 841 847 799 712 0
870 -1 0 816 869 0
871 10 0 852 870 0
872 12 0 862 871 869 0
873 -11 0 13 872 871 0
874 55 0 863 873 869 872 0
875 54 0 123 874 872 0
876 -31 0 430 874 869 0
877 -34 0 128 875 873 0
878 -35 0 824 876 0
879 0 858 878 877 0
