1 -2 -3 -1 0 0
2 2 3 -1 0 0
3 2 -3 1 0 0
4 -2 3 1 0 0
5 -5 -6 -4 0 0
6 5 6 -4 0 0
7 5 -6 4 0 0
8 -5 6 4 0 0
9 -8 -9 -7 0 0
10 8 9 -7 0 0
11 -9 8 7 0 0
12 -8 9 7 0 0
13 -11 -12 -10 0 0
14 11 12 -10 0 0
15 11 -12 10 0 0
16 12 -11 10 0 0
17 -14 -13 -15 0 0
18 14 -13 15 0 0
19 14 13 -15 0 0
20 -14 13 15 0 0
21 -17 -18 -16 0 0
22 17 18 -16 0 0
23 17 -18 16 0 0
24 -17 18 16 0 0
25 -20 -21 -19 0 0
26 20 21 -19 0 0
27 20 -21 19 0 0
28 -20 21 19 0 0
29 -23 -24 -22 0 0
30 23 24 -22 0 0
31 23 -24 22 0 0
32 -23 24 22 0 0
33 -26 -27 -25 0 0
34 26 27 -25 0 0
35 26 -27 25 0 0
36 -26 27 25 0 0
37 -29 -30 -28 0 0
38 -28 30 29 0 0
39 -30 29 28 0 0
40 -29 30 28 0 0
41 -32 -33 -31 0 0
42 32 33 -31 0 0
43 32 -33 31 0 0
44 -32 33 31 0 0
45 -36 -35 -34 0 0
46 35 36 -34 0 0
47 35 -36 34 0 0
48 34 -35 36 0 0
49 -38 -39 -37 0 0
50 38 39 -37 0 0
51 38 -39 37 0 0
52 -38 39 37 0 0
53 -37 -40 -16 0 0
54 37 40 -16 0 0
55 37 -40 16 0 0
56 -37 40 16 0 0
57 -15 -41 -42 0 0
58 -15 41 42 0 0
59 15 41 -42 0 0
60 15 -41 42 0 0
61 -14 -43 -41 0 0
62 -14 43 41 0 0
63 14 -43 41 0 0
64 14 43 -41 0 0
65 -18 -44 -10 0 0
66 44 18 -10 0 0
67 -44 18 10 0 0
68 -18 44 10 0 0
69 -17 -44 -13 0 0
70 17 44 -13 0 0
71 17 -44 13 0 0
72 -17 44 13 0 0
73 -46 -45 -6 0 0
74 46 45 -6 0 0
75 45 -46 6 0 0
76 46 -45 6 0 0
77 -22 -45 -5 0 0
78 22 45 -5 0 0
79 22 -45 5 0 0
80 -22 45 5 0 0
81 -21 -47 -48 0 0
82 -21 47 48 0 0
83 21 47 -48 0 0
84 21 -47 48 0 0
85 -20 -47 -46 0 0
86 -20 47 46 0 0
87 20 -47 46 0 0
88 20 47 -46 0 0
89 -24 -49 -1 0 0
90 24 49 -1 0 0
91 24 -49 1 0 0
92 -24 49 1 0 0
93 -19 -23 -49 0 0
94 -19 23 49 0 0
95 19 23 -49 0 0
96 19 -23 49 0 0
97 -50 -9 -51 0 0
98 51 -9 50 0 0
99 9 50 -51 0 0
100 9 -50 51 0 0
101 -8 -50 -28 0 0
102 -8 50 28 0 0
103 -50 8 28 0 0
104 -28 8 50 0 0
105 -52 -27 -42 0 0
106 52 -27 42 0 0
107 -52 27 42 0 0
108 52 27 -42 0 0
109 -52 -26 -51 0 0
110 52 -26 51 0 0
111 -52 26 51 0 0
112 52 26 -51 0 0
113 -30 -53 -4 0 0
114 30 53 -4 0 0
115 30 -53 4 0 0
116 -30 53 4 0 0
117 -29 -53 -25 0 0
118 -25 29 53 0 0
119 -53 29 25 0 0
120 -29 53 25 0 0
121 -12 -54 -55 0 0
122 -12 54 55 0 0
123 -55 12 54 0 0
124 -54 12 55 0 0
125 -54 -11 -34 0 0
126 34 -11 54 0 0
127 11 -54 34 0 0
128 11 54 -34 0 0
129 -33 -56 -48 0 0
130 -33 56 48 0 0
131 33 -56 48 0 0
132 33 56 -48 0 0
133 -32 -56 -55 0 0
134 -32 56 55 0 0
135 32 -56 55 0 0
136 32 56 -55 0 0
137 -36 -57 -7 0 0
138 36 57 -7 0 0
139 -57 36 7 0 0
140 -36 57 7 0 0
141 -31 -57 -35 0 0
142 35 57 -31 0 0
143 35 -57 31 0 0
144 57 -35 31 0 0
145 -3 -59 -58 0 0
146 -3 59 58 0 0
147 3 -59 58 0 0
148 3 59 -58 0 0
149 -2 -40 -58 0 0
150 -2 40 58 0 0
151 2 40 -58 0 0
152 2 -40 58 0 0
153 -39 -60 -43 0 0
154 -39 60 43 0 0
155 39 -60 43 0 0
156 39 60 -43 0 0
157 38 60 59 0 0
158 -38 60 -59 0 0
159 -38 -60 59 0 0
160 38 -60 -59 0 0
169 41 -43 13 42 0 20 63 58 0
170 13 -43 42 0 19 60 61 169 0
175 -13 -42 41 -43 0 17 59 63 0
179 41 -13 42 43 0 18 62 58 0
181 -13 -43 -42 0 18 61 57 175 0
188 41 -42 43 13 0 19 59 62 0
216 13 43 -42 0 20 57 64 188 0
222 -13 43 42 0 17 60 64 179 0
262 59 60 43 37 0 52 154 157 0
263 37 59 43 0 51 155 159 262 0
265 -26 -42 25 51 0 105 110 36 0
271 25 51 -42 0 108 35 111 265 0
273 32 -48 55 31 0 132 43 135 0
274 31 55 -48 0 129 134 44 273 0
275 21 48 46 -19 0 86 26 84 0
277 47 19 -46 48 0 28 82 88 0
278 19 -46 48 0 27 85 84 277 0
281 -19 46 48 0 87 25 82 275 0
309 33 -55 48 31 0 136 131 44 0
310 -55 31 48 0 133 130 43 309 0
311 20 46 -48 19 0 83 87 27 0
312 19 46 -48 0 81 86 28 311 0
321 -46 20 -48 -19 0 81 88 26 0
336 -19 -46 -48 0 83 25 85 321 0
382 3 40 1 -59 0 151 4 147 0
383 40 -59 1 0 150 3 145 382 0
404 56 -31 48 55 0 42 134 130 0
406 56 -55 -48 -31 0 41 136 132 0
414 -60 59 -43 -37 0 50 153 159 0
415 -37 59 -43 0 49 156 157 414 0
416 13 -16 10 17 0 68 71 22 0
418 3 59 -40 1 0 152 4 148 0
419 -40 59 1 0 149 3 146 418 0
420 60 37 -59 -43 0 51 158 156 0
421 37 -59 -43 0 52 160 153 420 0
422 37 -40 10 -59 42 0 67 72 21 416 222 55 421 0
423 60 43 -59 -37 0 50 154 158 0
424 -37 -59 43 0 49 155 160 423 0
425 44 10 -13 16 0 24 70 68 0
433 13 16 -10 17 0 66 71 23 0
437 13 17 -59 -42 -40 -10 0 53 421 433 216 0
438 -40 -59 -10 -42 17 0 22 55 65 424 70 181 437 0
443 17 40 16 59 10 42 0 70 170 67 263 23 56 0
444 42 40 17 10 59 0 222 415 416 54 443 0
450 52 -25 42 51 0 34 110 106 0
451 51 -25 42 0 33 111 107 450 0
452 16 59 -10 -42 40 17 0 181 263 433 56 0
453 17 59 -10 -42 40 0 216 70 415 65 54 22 452 0
454 16 40 -10 -42 59 0 181 72 263 65 453 56 24 0
455 59 -42 -10 1 0 216 69 415 66 453 54 21 454 419 0
456 16 -42 -10 -40 -59 0 181 72 424 65 438 55 24 0
458 16 10 42 40 59 0 170 69 263 68 444 56 24 0
459 59 10 42 1 0 222 72 415 67 444 54 21 458 419 0
460 1 42 10 0 23 67 69 53 425 170 424 422 459 383 0
465 26 -42 -25 -51 0 105 112 34 0
467 27 -51 42 25 0 112 107 36 0
468 25 -51 42 0 109 106 35 467 0
478 -51 -25 -42 0 108 109 33 465 0
483 1 -42 -10 0 216 69 421 66 438 53 455 21 456 383 0
604 -28 50 7 51 0 12 98 104 0
620 -53 51 7 -30 50 -42 0 39 117 604 271 0
621 -53 50 7 -30 -42 0 102 37 11 119 99 478 620 0
622 -53 28 7 -30 -42 0 97 271 12 621 117 103 39 0
623 -53 -30 7 -42 0 100 478 11 621 119 101 37 622 0
626 -34 36 7 31 0 144 139 46 0
637 -24 45 5 49 48 4 0 281 96 75 31 7 80 0
638 49 45 -1 48 4 0 94 278 29 74 78 90 8 637 0
639 19 24 -49 45 48 4 0 8 80 74 32 278 95 0
640 4 45 48 -1 0 7 78 75 30 281 93 89 639 638 0
641 49 -22 -1 -19 0 29 94 90 0
642 4 5 48 -1 0 30 93 89 79 641 278 76 7 640 0
643 19 23 -1 22 0 90 31 95 0
644 4 -1 48 0 89 32 96 643 77 281 73 8 640 642 0
645 31 -34 7 0 143 45 140 626 0
646 30 28 53 -42 50 7 0 271 99 118 11 40 102 0
647 30 -42 53 50 7 0 478 120 604 38 646 0
648 30 -42 53 28 7 0 97 271 12 647 118 103 40 0
649 4 -42 53 7 0 100 478 11 647 120 101 38 648 116 0
650 4 -42 7 0 115 623 649 0
651 -10 -54 55 34 0 13 127 124 0
652 34 55 -10 0 14 126 122 651 0
653 4 48 10 7 0 460 650 644 0
657 46 5 22 -4 0 74 79 6 0
658 46 22 -4 0 76 5 78 657 0
659 19 24 -22 1 0 96 30 91 0
660 19 1 -4 48 0 95 29 92 659 658 278 0
661 1 23 22 -19 0 91 31 94 0
662 1 22 -19 0 92 93 32 661 0
663 -22 5 -46 -4 0 73 80 6 0
664 -4 1 48 0 75 5 77 281 663 662 660 0
667 17 16 10 -13 0 67 23 70 0
668 -13 16 10 0 68 69 24 667 0
669 19 22 -1 24 0 95 90 32 0
670 19 22 -1 0 96 89 31 669 0
671 40 59 -1 58 0 2 150 146 0
672 59 43 -1 -16 0 1 151 148 671 53 263 0
673 2 -40 -59 -1 0 145 152 2 0
674 -16 43 -1 0 147 149 1 672 673 54 424 0
675 -51 50 28 7 0 11 99 102 0
676 -53 30 42 28 7 0 12 103 97 675 451 119 40 0
677 30 42 -4 7 0 11 101 100 604 676 468 117 38 114 0
678 -30 50 42 28 53 7 0 120 451 39 675 0
679 -30 50 42 53 7 0 468 118 604 37 678 0
680 -30 53 42 28 7 0 97 451 12 679 120 103 39 0
681 31 -13 48 7 0 100 468 11 679 118 181 101 37 113 680 677 653 674 664 668 652 310 645 0
682 6 22 -46 4 0 79 8 75 0
683 22 -46 4 0 78 7 73 682 0
684 -19 22 1 24 0 94 91 32 0
685 22 4 1 -48 0 93 92 31 312 684 683 0
686 19 -22 23 1 0 92 30 95 0
687 19 -22 1 0 91 96 29 686 0
688 5 -22 4 46 0 76 80 7 0
689 4 -48 1 0 74 77 8 336 688 685 687 0
690 34 54 10 -55 0 15 123 126 0
691 34 -55 10 0 16 121 127 690 0
692 1 -48 -10 7 0 100 468 11 679 118 483 101 37 113 680 677 689 0
693 -13 17 -16 -10 0 65 70 22 0
694 -13 -16 -10 0 66 69 21 693 0
695 40 16 -1 -43 0 1 151 148 671 421 56 0
696 16 -43 -1 0 147 149 1 415 673 695 55 0
697 53 28 4 -25 0 40 118 116 0
698 28 -25 4 0 39 117 115 697 0
699 28 4 -42 7 0 12 97 103 675 271 698 0
700 30 25 4 -28 0 120 38 115 0
701 25 -28 4 0 119 37 116 700 0
702 4 -42 7 0 11 101 100 604 699 478 701 0
704 22 46 -4 45 0 6 74 78 0
705 22 -1 -4 -48 0 5 79 76 704 336 670 0
706 -19 -22 23 -1 0 89 30 94 0
707 -19 -22 -1 0 90 93 29 706 0
708 -22 -46 -4 45 0 5 80 75 0
709 31 -13 7 0 6 73 77 702 708 312 705 707 681 692 222 696 694 691 274 645 0
710 34 31 4 1 42 0 652 310 460 689 0
711 18 13 -10 16 0 71 24 66 0
712 13 16 -10 0 72 23 65 711 0
713 31 4 7 0 274 691 653 712 645 674 709 710 170 702 0
714 31 1 7 0 691 692 274 645 664 713 0
715 42 -4 7 0 468 100 118 11 679 37 113 101 680 677 0
716 18 13 10 -16 0 72 22 67 0
717 13 -16 10 0 71 21 68 716 0
718 31 7 0 6 73 77 713 708 312 705 707 310 714 652 717 645 709 696 216 715 0
720 -57 34 7 0 47 141 139 718 0
721 34 7 0 48 142 140 720 718 0
722 55 54 10 -34 0 16 128 122 0
723 55 -34 10 0 15 125 124 722 0
724 4 10 7 0 42 133 129 718 406 723 653 721 0
725 55 -31 48 0 41 135 131 404 0
726 16 42 -10 -1 0 222 696 712 0
727 -1 42 -10 0 170 694 674 726 0
728 -34 54 -10 -55 0 13 123 128 0
729 4 7 0 14 121 125 724 728 725 721 692 718 727 702 0
730 -55 -31 -48 0 42 133 129 406 0
731 16 -1 10 -42 0 216 696 668 0
732 -4 -31 10 -34 -42 0 181 717 674 731 664 730 723 0
733 -1 -4 -48 0 6 73 77 708 312 705 707 0
734 7 0 14 732 715 729 718 721 125 728 725 733 483 121 0
735 -8 -9 0 9 734 0
736 8 9 0 10 734 0
737 -36 -57 0 137 734 0
738 36 57 0 138 734 0
741 34 -57 31 0 48 143 737 0
742 31 34 0 47 144 738 741 0
743 51 50 28 0 736 102 98 0
744 29 30 -53 -42 0 735 103 100 743 38 478 119 0
745 -28 50 -51 0 735 104 99 0
746 -53 -4 -42 0 736 101 97 745 271 40 117 744 113 0
747 -30 53 28 -42 0 735 103 100 743 478 120 39 0
748 -4 -42 0 736 101 97 745 271 747 118 37 746 114 0
749 48 31 10 0 723 742 310 0
750 -31 36 -34 0 141 46 738 0
751 48 10 0 142 45 737 749 750 691 725 0
752 28 42 4 0 735 103 100 743 468 698 0
753 42 10 0 736 101 97 745 451 752 701 733 460 751 0
754 10 0 181 753 674 689 751 748 731 717 0
756 11 12 0 14 754 0
760 1 -42 0 483 754 0
761 34 55 0 652 754 0
767 -1 42 0 727 754 0
768 -55 54 -34 0 728 754 0
769 31 -48 0 756 125 121 768 742 274 0
770 -48 0 142 45 737 769 750 761 730 0
775 19 -46 0 278 770 0
776 -19 46 0 281 770 0
779 -4 1 0 664 770 0
781 42 0 736 97 451 701 779 767 752 745 101 0
782 -4 0 748 781 0
783 1 0 760 781 0
786 5 -6 0 7 782 0
787 -5 6 0 8 782 0
801 19 22 0 670 783 0
816 -19 -22 0 707 783 0
820 45 6 0 801 776 80 75 787 0
821 6 0 816 79 787 820 775 76 0
822 5 0 786 821 0
823 -45 -46 0 73 821 0
824 45 46 0 74 821 0
825 -22 -45 0 77 822 0
826 22 45 0 78 822 0
827 45 0 816 826 775 824 0
828 -46 0 823 827 0
829 -22 0 825 827 0
830 -19 0 776 828 0
831 0 801 829 830 0
