1 5 3 -10 0 0
3 6 -5 10 0 0
5 7 -4 -3 0 0
7 9 -5 3 0 0
9 4 3 -10 0 0
13 -1 5 3 0 0
14 -7 5 -3 0 0
15 5 8 10 0 0
16 4 5 -10 0 0
17 -8 -9 10 0 0
18 -5 -2 -3 0 0
22 -6 -5 8 0 0
27 -8 2 -5 0 0
36 2 4 -3 0 0
37 7 9 -3 0 0
50 2 3 -10 0 0
56 -2 -4 -5 0 0
58 -5 -9 10 0 0
64 -4 2 8 0 0
67 5 -3 10 0 0
69 1 3 10 0 0
70 -7 -8 9 0 0
71 -3 9 10 0 22 3 67 70 37 0
72 9 10 0 69 13 71 7 0
73 10 0 15 17 72 58 0
74 3 5 0 1 73 0
75 3 4 0 9 73 0
76 4 5 0 16 73 0
84 3 2 0 50 73 0
87 3 0 56 75 74 84 0
88 -4 7 0 5 87 0
92 5 -7 0 14 87 0
93 -2 -5 0 18 87 0
96 2 4 0 36 87 0
100 5 0 88 92 76 0
101 -2 0 93 100 0
104 4 0 96 101 0
105 -8 0 27 101 100 0
106 0 64 105 101 104 0
