3 4 5 -6 0 0
5 -5 8 -7 0 0
13 10 -13 -7 0 0
14 -5 -8 9 0 0
15 4 5 13 0 0
22 6 -7 -9 0 0
27 5 10 -8 0 0
31 -11 10 6 0 0
35 -10 -13 -6 0 0
44 7 -10 9 0 0
45 -6 7 -9 0 0
57 11 10 7 0 0
72 -4 5 8 0 0
75 7 -5 9 0 0
79 -13 5 9 0 0
98 7 -10 -9 0 0
99 -8 13 -7 0 0
100 -5 9 0 5 75 14 0
101 9 0 44 27 100 72 15 79 99 0
103 -7 6 0 22 101 0
107 7 -6 0 45 101 0
113 7 -10 0 98 101 0
114 7 0 57 113 31 107 0
115 6 0 103 114 0
116 4 5 0 3 115 0
117 -5 8 0 5 114 0
118 10 -13 0 13 114 0
121 -10 -13 0 35 115 0
132 -8 13 0 99 114 0
133 8 0 72 117 116 0
135 13 0 132 133 0
140 10 0 118 135 0
141 0 121 135 140 0
