1 2 -5 -1 0 0
11 2 -9 10 0 0
12 -5 10 1 0 0
15 -2 5 10 0 0
19 -3 9 -1 0 0
20 -5 -3 11 0 0
24 2 8 9 0 0
25 -4 -6 3 0 0
31 -3 -11 -1 0 0
41 11 -10 1 0 0
49 5 -3 -9 0 0
66 -3 -10 -11 0 0
81 -8 5 1 0 0
83 3 6 -1 0 0
90 -10 -11 3 0 0
94 -2 3 -6 0 0
98 5 -6 4 0 0
100 -10 1 0 90 66 41 0
101 1 0 24 81 12 100 15 11 0
102 2 -5 0 1 101 0
103 -3 9 0 19 101 0
107 -3 -11 0 31 101 0
110 3 6 0 83 101 0
111 3 0 102 98 25 110 94 0
112 9 0 103 111 0
113 -11 0 107 111 0
114 -5 0 20 111 113 0
115 0 49 112 111 114 0
