1 -4 -8 -3 0 0
6 5 6 8 0 0
7 1 -8 -11 0 0
10 11 7 -8 0 0
14 -7 4 -9 0 0
21 6 11 3 0 0
38 -6 8 -11 0 0
40 10 -11 3 0 0
51 8 11 -3 0 0
60 11 8 3 0 0
63 9 -6 -8 0 0
66 5 -10 3 0 0
67 -5 8 -11 0 0
70 4 -7 -3 0 0
71 -8 -11 3 0 0
83 -1 4 -3 0 0
92 -4 -6 -8 0 0
100 11 3 0 14 10 92 63 60 21 0
101 3 0 67 100 71 66 40 0
102 -4 -8 0 1 101 0
110 8 11 0 51 101 0
112 4 -7 0 70 101 0
114 4 -1 0 83 101 0
116 -8 0 7 114 102 10 112 0
117 11 0 110 116 0
118 -6 0 38 116 117 0
119 -5 0 67 116 117 0
121 0 6 116 118 119 0
