1 -8 -11 7 0 0
9 -11 13 -7 0 0
11 8 12 -13 0 0
17 -5 11 -14 0 0
21 2 5 -3 0 0
24 6 8 -3 0 0
26 3 12 -7 0 0
29 5 14 7 0 0
30 -4 -13 -3 0 0
35 1 14 -7 0 0
36 -12 -15 -7 0 0
43 -1 14 -3 0 0
45 4 -15 -3 0 0
48 -6 8 15 0 0
49 9 -13 3 0 0
50 -8 -13 -3 0 0
51 -5 -10 14 0 0
52 -4 15 -11 0 0
53 11 3 -12 0 0
54 1 11 13 0 0
59 -1 11 3 0 0
60 5 8 7 0 0
66 13 -14 7 0 0
67 -8 11 3 0 0
69 -4 -15 14 0 0
75 4 8 9 0 0
80 -9 -5 7 0 0
82 9 10 -3 0 0
85 4 -13 -11 0 0
90 -5 -13 -7 0 0
94 -2 5 -3 0 0
100 -11 3 7 0 69 66 75 52 49 80 1 60 0
101 3 7 0 11 54 67 53 59 100 0
102 14 7 0 82 80 51 101 29 0
103 7 0 48 50 101 66 102 45 30 24 0
105 -11 13 0 9 103 0
106 3 12 0 26 103 0
107 1 14 0 35 103 0
108 -12 -15 0 36 103 0
112 -5 -13 0 90 103 0
113 3 0 85 105 53 106 52 108 0
115 2 5 0 21 113 0
119 -1 14 0 43 113 0
126 -2 5 0 94 113 0
127 14 0 107 119 0
129 -5 11 0 17 127 0
139 5 0 126 115 0
140 11 0 129 139 0
142 -13 0 112 139 0
145 0 105 142 140 0
