1 -9 17 1 0 0
2 -5 -9 -16 0 0
3 7 -16 6 0 0
5 16 -6 9 0 0
8 4 -15 -1 0 0
13 -3 15 19 0 0
14 -2 -13 15 0 0
18 5 3 15 0 0
20 8 15 -1 0 0
24 -20 -9 -11 0 0
25 -6 20 4 0 0
26 -8 17 3 0 0
27 -5 3 -12 0 0
28 16 20 -1 0 0
34 -17 9 1 0 0
39 18 -6 9 0 0
40 -5 -3 1 0 0
42 -4 -9 -1 0 0
43 -13 -19 6 0 0
44 5 -11 19 0 0
46 -10 11 4 0 0
47 -10 -18 -1 0 0
48 -15 -17 18 0 0
49 -10 -2 9 0 0
52 12 -18 -4 0 0
56 -15 10 -18 0 0
58 18 13 4 0 0
59 11 6 4 0 0
60 -3 20 -17 0 0
64 16 -17 -9 0 0
65 -14 6 -9 0 0
66 -5 -9 -1 0 0
67 -19 -18 1 0 0
69 2 17 20 0 0
70 11 15 4 0 0
71 19 3 -18 0 0
72 14 5 -16 0 0
73 3 -6 -9 0 0
74 -2 16 10 0 0
75 -3 -17 -18 0 0
76 17 -12 -18 0 0
77 2 -11 -16 0 0
81 -8 -19 6 0 0
82 7 -3 -9 0 0
85 -14 13 9 0 0
86 -5 -20 9 0 0
87 2 19 18 0 0
89 -7 -13 19 0 0
93 -7 -16 -4 0 0
95 -3 6 18 0 0
98 7 8 19 0 0
99 -20 6 18 0 0
100 -9 1 0 70 93 24 48 82 64 75 1 60 73 65 72 2 0
101 11 4 9 0 39 56 59 46 70 0
102 17 18 4 9 0 98 89 26 43 58 95 39 0
103 4 1 0 40 44 71 67 101 102 100 34 0
104 18 17 -4 9 0 93 3 74 39 69 49 99 0
105 1 0 76 34 100 104 103 52 0
106 -15 4 0 8 105 0
107 8 15 0 20 105 0
108 16 20 0 28 105 0
110 -4 -9 0 42 105 0
111 -10 -18 0 47 105 0
112 -5 -9 0 66 105 0
115 18 4 9 0 87 43 14 39 58 106 0
116 19 15 -18 0 71 13 0
117 9 4 0 85 72 14 86 5 77 106 25 70 81 116 107 115 0
118 4 0 81 107 106 44 70 112 117 25 24 0
119 -9 0 110 118 0
122 -6 18 0 39 119 0
124 12 -18 0 52 118 0
127 -7 -16 0 93 118 0
129 18 0 3 122 108 99 127 0
130 12 0 124 129 0
131 -10 0 111 129 0
132 17 0 76 130 129 0
133 -15 0 56 131 129 0
134 -3 0 75 132 129 0
139 5 0 18 134 133 0
141 0 27 130 134 139 0
